Teste 1
-65
-140
-130
-66
-23
13
-38
-31
-59
-18
-1
-91
-183
-159
-239
-241
-252
-237
-221
-168
-149
-181
-175
-139
-197
-213
-232
-176
-148
-161
-225
-254
-244
-288
-324
-341
-345
-325
-364
-351
-387
-358
-298
-262
-264
-263
-289
-297
-305
-262
-305
-398
-386
-399
-451
-475
-511
-486
-463
-520
-503
-515
-565
-591
-562
-561
-517
-580
-578
-650
-624
-695
-685
-704
-722
-735
-733
-777
-822
-793
-778
-741
-737
-791
-791
-835
-856
-872
-864
-808
-786
-730
-814
-905
-895
-871
-804
-821
-888
-912

Teste 2
19
44
93
62
-5
83
100
98
150
211
247
200
179
258
211
200
287
291
301
290
296
330
302
268
173
122
83
114
60
88
40
113
111
52
136
154
161
106
123
57
65
97
152
162
133
134
154
185
200
225
229
250
177
200
213
214
156
111
206
238
206
229
301
308
300
318
258
265
205
218
240
247
193
222
216
221
178
162
209
224
179
248
254
251
256
255
313
339
274
283
298
323
298
366
331
358
373
422
392
427

Teste 3
-42
-97
-40
-57
-74
-22
-39
-74
-44
-21
-48
-123
-137
-218
-251
-339
-279
-245
-237
-209
-155
-180
-192
-219
-189
-184
-162
-131
-175
-171
-203
-219
-177
-199
-132
-192
-207
-183
-126
-169
-210
-187
-161
-206
-168
-93
-16
19
27
61
46
108
98
142
125
191
220
176
183
188
160
211
182
215
178
233
274
326
395
371
433
460
423
436
398
412
409
491
474
487
433
427
410
426
433
368
369
463
440
475
465
437
518
573
507
585
554
520
503
472

Teste 4
38
5
19
47
36
63
158
83
131
60
0
-16
-40
-85
-58
-56
-28
-24
-7
-43
-24
36
48
59
106
190
264
236
250
252
226
231
271
316
288
251
285
322
295
300
288
296
284
296
305
314
366
385
441
354
393
412
411
395
398
358
401
455
470
469
380
420
409
397
352
359
438
506
588
605
612
587
600
581
540
591
580
616
665
723
748
780
870
817
900
923
932
938
930
878
811
834
790
757
840
916
1005
948
919
901

Teste 5
90
78
22
40
9
61
67
56
146
101
51
112
99
78
42
33
-17
7
-36
-9
13
27
-51
-40
-124
-195
-139
-187
-186
-172
-155
-202
-184
-189
-171
-102
-103
-136
-84
-84
-40
-5
14
22
-60
-8
-82
-79
-29
23
42
-18
17
24
42
97
66
26
36
44
35
0
-2
-7
26
41
73
44
40
94
147
89
153
96
67
70
81
27
29
86
73
-7
87
106
42
12
-9
-32
-18
-36
-32
-85
-32
-74
-72
-14
7
-18
-14
24

Teste 6
-58
-68
-81
-63
-97
-34
-44
-55
-57
-50
-97
-115
-164
-113
-146
-139
-132
-120
-157
-138
-153
-148
-154
-108
-68
-97
-70
-111
-112
-29
-27
-51
-99
-28
-10
2
-60
-47
-70
-47
-136
-92
-110
-59
-46
-132
-143
-151
-171
-113
-129
-92
-38
-51
-43
-62
-123
-130
-103
-67
-90
0
-24
-16
-7
-19
-50
-102
-128
-108
-60
-90
-167
-226
-287
-263
-301
-317
-390
-395
-370
-373
-331
-349
-367
-335
-333
-350
-285
-276
-307
-385
-371
-401
-336
-323
-308
-292
-236
-231

Teste 7
-42
32
4
41
112
158
154
78
121
173
145
200
171
258
297
357
416
377
458
405
390
438
421
383
378
451
479
407
491
471
482
467
507
575
587
590
597
607
596
577
529
481
427
371
334
353
418
495
480
402
460
453
429
416
357
341
397
403
354
319
294
249
307
317
291
331
356
319
321
355
308
312
367
343
337
256
249
259
266
259
345
394
359
370
366
411
473
497
454
408
384
440
491
578
595
602
614
627
660
638

Teste 8
30
75
4
37
68
138
172
167
177
185
166
188
181
223
220
190
225
204
200
165
114
110
86
18
38
59
-11
-18
-9
-24
-40
-42
30
48
3
-3
13
3
51
30
94
62
70
155
151
106
99
98
28
61
127
153
136
110
114
112
97
92
120
96
78
81
65
73
93
93
161
127
202
217
243
222
235
239
158
156
67
112
116
160
154
230
166
211
260
317
289
308
284
310
313
311
302
346
342
361
291
342
344
323

Teste 9
-1
38
65
97
70
31
-5
-29
-67
-42
-44
-7
68
73
44
50
79
143
183
152
151
122
109
191
131
183
184
140
116
56
21
4
-37
46
-47
-37
-90
-87
-58
-139
-114
-72
20
22
16
32
89
143
155
235
223
249
186
158
172
141
70
69
11
33
44
-28
-25
-112
-127
-160
-111
-34
-46
-60
-53
-77
-43
-20
58
36
84
104
126
124
117
166
191
254
159
175
213
161
95
108
122
121
186
198
150
178
153
140
174
121

Teste 10
-40
-31
-26
-7
5
-14
-60
-82
-131
-47
13
21
59
43
122
196
207
161
208
255
185
192
211
164
254
300
345
315
351
313
297
283
266
244
294
248
201
197
245
253
341
362
436
383
427
449
460
417
400
390
385
397
403
389
447
505
553
530
464
494
528
535
529
535
605
615
521
466
427
361
422
385
388
317
282
264
309
321
376
358
305
359
405
475
440
465
494
528
557
593
584
645
686
695
651
703
720
713
718
721

