Teste 1
35
71
108
118
146
137
83
106
101
162
202
179
176
185
184
217
213
199
227
283
230
231
282
297
322
282
250
249
192
263
286
261
332
284
375
463
483
548
560
476

Teste 2
75
146
117
203
235
222
212
256
241
278
261
316
238
169
169
90
31
26
19
112
62
4
-30
-43
-101
-78
4
-72
-81
-37
-44
21
11
-9
-70
-95
-110
-114
-142
-172
-165
-124
-155

Teste 3
-30
33
70
60
52
70
59
78
34
34
22
-8
-8
27
-15
45
94
85
79
74
137
116
66
45
-17
-16
35
-19
-20
-5
50
71
68
21
13
-9
-13
-6
15
102

Teste 4
38
15
20
84
113
147
215
271
243
161
102
190
178
184
210
239
239
250
287
260
298
349
363
295
367
398
398
399
339
400
397
392
386
388
436
431
412
401
385
399
441
477
538
533
577
577
520
558
561

Teste 5
-4
-42
-85
-140
-120
-55
7
5
46
49
53
28
9
54
48
137
148
205
189
192
243
261
294
245
256
306
346
334
301
308
347
299
244
195
205
170
193
166
199
195

Teste 6
-20
-25
-13
-21
-2
-60
-95
-80
-62
-40
-23
-82
-53
-53
-136
-100
-176
-125
-169
-195
-279
-328
-414
-463
-507
-474
-414
-380
-329
-351
-305
-306
-293
-286
-294
-283
-284
-293
-299
-252
-169
-178
-224
-194

Teste 7
-67
-46
-50
-75
-40
-66
-80
-74
-128
-97
-93
-119
-81
-99
-179
-93
-34
-30
41
34
68
50
86
22
45
9
0
49
32
37
75
99
62
79
87
126
169
163
205
131
96
85

Teste 8
-30
-33
-8
-59
-62
-71
-92
-46
-83
-119
-192
-132
-204
-180
-166
-129
-199
-275
-299
-310
-259
-320
-272
-227
-270
-241
-247
-218
-207
-116
-71
-95
-101
-137
-128
-185
-183
-195
-161
-234
-292
-315
-371
-378

