2656
               0   -0.00015258789 
   9.0702948e-05   -0.00067138672 
    0.0001814059   -0.00057983398 
   0.00027210884     0.0016174316 
   0.00036281179     0.0030517578 
   0.00045351474     0.0015258789 
   0.00054421769     0.0023193359 
   0.00063492063     0.0053100586 
   0.00072562358     0.0093688965 
   0.00081632653      0.020111084 
   0.00090702948      0.031707764 
   0.00099773243       0.02734375 
    0.0010884354      0.049468994 
    0.0011791383            0.125 
    0.0012698413       0.13284302 
    0.0013605442      0.090545654 
    0.0014512472       0.12844849 
    0.0015419501       0.13363647 
    0.0016326531      0.097564697 
     0.001723356       0.11468506 
     0.001814059      0.098754883 
    0.0019047619       0.12072754 
    0.0019954649       0.18933105 
    0.0020861678       0.14862061 
    0.0021768707       0.10806274 
    0.0022675737       0.12774658 
    0.0023582766       0.11566162 
    0.0024489796       0.13653564 
    0.0025396825       0.19012451 
    0.0026303855       0.20413208 
    0.0027210884       0.21578979 
    0.0028117914       0.18978882 
    0.0029024943       0.11932373 
    0.0029931973      0.063354492 
    0.0030839002      0.055114746 
    0.0031746032       0.13320923 
    0.0032653061       0.10385132 
    0.0033560091     -0.014221191 
     0.003446712     -0.014007568 
     0.003537415     -0.012542725 
    0.0036281179       0.04498291 
    0.0037188209      0.013793945 
    0.0038095238      -0.25244141 
    0.0039002268      -0.28167725 
    0.0039909297      -0.12796021 
    0.0040816327      -0.13882446 
    0.0041723356      -0.15744019 
    0.0042630385      -0.16555786 
    0.0043537415      -0.24429321 
    0.0044444444      -0.28610229 
    0.0045351474      -0.28057861 
    0.0046258503      -0.28192139 
    0.0047165533      -0.29345703 
    0.0048072562      -0.30712891 
    0.0048979592      -0.30307007 
    0.0049886621      -0.30807495 
    0.0050793651      -0.31280518 
     0.005170068      -0.29718018 
     0.005260771      -0.30169678 
    0.0053514739      -0.29827881 
    0.0054421769      -0.28128052 
    0.0055328798      -0.28695679 
    0.0056235828      -0.28375244 
    0.0057142857      -0.27597046 
    0.0058049887      -0.28186035 
    0.0058956916      -0.26348877 
    0.0059863946      -0.23510742 
    0.0060770975      -0.23132324 
    0.0061678005      -0.23080444 
    0.0062585034      -0.25064087 
    0.0063492063      -0.27804565 
    0.0064399093      -0.23477173 
    0.0065306122      -0.17996216 
    0.0066213152      -0.18167114 
    0.0067120181      -0.17971802 
    0.0068027211      -0.15756226 
     0.006893424      -0.16363525 
     0.006984127      -0.18670654 
    0.0070748299      -0.15737915 
    0.0071655329      -0.11740112 
    0.0072562358      -0.11935425 
    0.0073469388      -0.11685181 
    0.0074376417      -0.10501099 
    0.0075283447     -0.094665527 
    0.0076190476     -0.083496094 
    0.0077097506     -0.060760498 
    0.0078004535      -0.02822876 
    0.0078911565     0.0057678223 
    0.0079818594      0.063171387 
    0.0080725624       0.12368774 
    0.0081632653        0.1708374 
    0.0082539683        0.2315979 
    0.0083446712       0.27764893 
    0.0084353741       0.30053711 
    0.0085260771        0.3531189 
      0.00861678        0.3949585 
     0.008707483       0.39361572 
    0.0087981859        0.3961792 
    0.0088888889       0.39901733 
    0.0089795918        0.3963623 
    0.0090702948       0.39572144 
    0.0091609977       0.39385986 
    0.0092517007       0.39755249 
    0.0093424036       0.39990234 
    0.0094331066       0.39505005 
    0.0095238095       0.38824463 
    0.0096145125        0.3833313 
    0.0097052154       0.37994385 
    0.0097959184       0.37411499 
    0.0098866213       0.36712646 
    0.0099773243       0.36044312 
     0.010068027       0.35324097 
      0.01015873       0.34896851 
     0.010249433       0.34469604 
     0.010340136       0.33615112 
     0.010430839        0.3265686 
     0.010521542       0.31732178 
     0.010612245       0.31109619 
     0.010702948       0.30523682 
     0.010793651       0.29541016 
     0.010884354       0.28442383 
     0.010975057       0.27484131 
      0.01106576       0.26803589 
     0.011156463       0.25674438 
     0.011247166       0.24633789 
     0.011337868       0.24230957 
     0.011428571       0.23138428 
     0.011519274       0.22149658 
     0.011609977       0.21508789 
      0.01170068       0.19976807 
     0.011791383       0.18911743 
     0.011882086       0.18759155 
     0.011972789       0.17840576 
     0.012063492       0.16491699 
     0.012154195       0.15487671 
     0.012244898       0.14422607 
     0.012335601       0.14053345 
     0.012426304       0.12948608 
     0.012517007       0.11804199 
      0.01260771       0.12857056 
     0.012698413      0.072540283 
     0.012789116     -0.017425537 
     0.012879819     -0.036560059 
     0.012970522     -0.067718506 
     0.013061224     -0.078277588 
     0.013151927     -0.033355713 
      0.01324263     -0.033813477 
     0.013333333     -0.066650391 
     0.013424036      -0.10650635 
     0.013514739      -0.12240601 
     0.013605442      -0.12478638 
     0.013696145      -0.16601562 
     0.013786848      -0.19241333 
     0.013877551      -0.20422363 
     0.013968254      -0.22799683 
     0.014058957       -0.2338562 
      0.01414966      -0.23907471 
     0.014240363      -0.27178955 
     0.014331066      -0.32620239 
     0.014421769      -0.35168457 
     0.014512472      -0.34967041 
     0.014603175      -0.36630249 
     0.014693878      -0.37524414 
      0.01478458      -0.38793945 
     0.014875283      -0.40557861 
     0.014965986      -0.40182495 
     0.015056689      -0.38800049 
     0.015147392      -0.34851074 
     0.015238095      -0.33282471 
     0.015328798      -0.32592773 
     0.015419501      -0.29077148 
     0.015510204      -0.32858276 
     0.015600907      -0.37051392 
      0.01569161       -0.3500061 
     0.015782313      -0.37054443 
     0.015873016      -0.38095093 
     0.015963719       -0.3586731 
     0.016054422      -0.36557007 
     0.016145125      -0.36080933 
     0.016235828      -0.35559082 
     0.016326531      -0.36138916 
     0.016417234       -0.3500061 
     0.016507937      -0.33450317 
     0.016598639      -0.31399536 
     0.016689342      -0.30923462 
     0.016780045      -0.32489014 
     0.016870748      -0.32189941 
     0.016961451      -0.31234741 
     0.017052154      -0.30606079 
     0.017142857      -0.29556274 
      0.01723356      -0.29104614 
     0.017324263      -0.27484131 
     0.017414966      -0.25830078 
     0.017505669      -0.25869751 
     0.017596372      -0.25341797 
     0.017687075      -0.24575806 
     0.017777778      -0.24047852 
     0.017868481      -0.23074341 
     0.017959184      -0.21609497 
     0.018049887      -0.20727539 
      0.01814059      -0.20632935 
     0.018231293      -0.19763184 
     0.018321995      -0.18762207 
     0.018412698      -0.18051147 
     0.018503401      -0.17019653 
     0.018594104      -0.16027832 
     0.018684807      -0.15219116 
      0.01877551      -0.14254761 
     0.018866213      -0.13238525 
     0.018956916      -0.12658691 
     0.019047619      -0.12069702 
     0.019138322      -0.11154175 
     0.019229025      -0.10293579 
     0.019319728     -0.095031738 
     0.019410431     -0.087127686 
     0.019501134     -0.080322266 
     0.019591837     -0.075073242 
      0.01968254     -0.067596436 
     0.019773243     -0.057525635 
     0.019863946     -0.050262451 
     0.019954649      -0.04800415 
     0.020045351     -0.044830322 
     0.020136054     -0.033782959 
     0.020226757     -0.022338867 
      0.02031746      -0.01739502 
     0.020408163     -0.015991211 
     0.020498866     -0.018371582 
     0.020589569    -0.0080566406 
     0.020680272      0.010986328 
     0.020770975     0.0096740723 
     0.020861678      0.016876221 
     0.020952381      0.029632568 
     0.021043084      0.022827148 
     0.021133787       0.03137207 
      0.02122449      0.038269043 
     0.021315193      0.055725098 
     0.021405896        0.1031189 
     0.021496599       0.11904907 
     0.021587302        0.1262207 
     0.021678005       0.15707397 
     0.021768707       0.17913818 
      0.02185941       0.20083618 
     0.021950113       0.22460938 
     0.022040816       0.21774292 
     0.022131519        0.2204895 
     0.022222222       0.26275635 
     0.022312925       0.28305054 
     0.022403628       0.28762817 
     0.022494331       0.29232788 
     0.022585034       0.28509521 
     0.022675737        0.2883606 
      0.02276644       0.29342651 
     0.022857143       0.30551147 
     0.022947846        0.3394165 
     0.023038549        0.3543396 
     0.023129252       0.32992554 
     0.023219955       0.32415771 
     0.023310658       0.34796143 
     0.023401361       0.35754395 
     0.023492063       0.35769653 
     0.023582766       0.33822632 
     0.023673469       0.30978394 
     0.023764172       0.30996704 
     0.023854875       0.30273438 
     0.023945578       0.29141235 
     0.024036281       0.31130981 
     0.024126984       0.32910156 
     0.024217687       0.34606934 
      0.02430839       0.35864258 
     0.024399093        0.3374939 
     0.024489796         0.324646 
     0.024580499       0.31256104 
     0.024671202       0.28942871 
     0.024761905       0.30374146 
     0.024852608       0.30041504 
     0.024943311       0.27056885 
     0.025034014         0.277771 
     0.025124717       0.28515625 
      0.02521542        0.2699585 
     0.025306122        0.2510376 
     0.025396825       0.24234009 
     0.025487528        0.2449646 
     0.025578231       0.23852539 
     0.025668934       0.22640991 
     0.025759637       0.21878052 
      0.02585034       0.21237183 
     0.025941043       0.20489502 
     0.026031746       0.19708252 
     0.026122449       0.18951416 
     0.026213152       0.18197632 
     0.026303855       0.17367554 
     0.026394558       0.16375732 
     0.026485261       0.15631104 
     0.026575964       0.15048218 
     0.026666667        0.1427002 
      0.02675737       0.13470459 
     0.026848073       0.12609863 
     0.026938776       0.11758423 
     0.027029478       0.11114502 
     0.027120181       0.10479736 
     0.027210884       0.09677124 
     0.027301587      0.090454102 
      0.02739229      0.084503174 
     0.027482993      0.077178955 
     0.027573696      0.071472168 
     0.027664399      0.058990479 
     0.027755102       0.04486084 
     0.027845805       0.03793335 
     0.027936508        0.0234375 
     0.028027211     0.0068664551 
     0.028117914     0.0078430176 
     0.028208617      0.022033691 
      0.02829932      0.024749756 
     0.028390023     0.0002746582 
     0.028480726     -0.030731201 
     0.028571429     -0.050018311 
     0.028662132     -0.068054199 
     0.028752834      -0.08392334 
     0.028843537      -0.09362793 
      0.02893424      -0.10183716 
     0.029024943      -0.11428833 
     0.029115646      -0.13726807 
     0.029206349      -0.15463257 
     0.029297052      -0.17901611 
     0.029387755      -0.21142578 
     0.029478458      -0.19647217 
     0.029569161      -0.16238403 
     0.029659864      -0.16387939 
     0.029750567       -0.1913147 
      0.02984127      -0.22729492 
     0.029931973      -0.23498535 
     0.030022676      -0.22143555 
     0.030113379      -0.23614502 
     0.030204082       -0.2572937 
     0.030294785      -0.25592041 
     0.030385488      -0.24630737 
      0.03047619       -0.2383728 
     0.030566893      -0.26193237 
     0.030657596      -0.29019165 
     0.030748299      -0.26309204 
     0.030839002      -0.23416138 
     0.030929705      -0.24438477 
     0.031020408       -0.2828064 
     0.031111111      -0.33041382 
     0.031201814      -0.33731079 
     0.031292517      -0.32626343 
      0.03138322      -0.32522583 
     0.031473923       -0.3187561 
     0.031564626      -0.30593872 
     0.031655329      -0.28308105 
     0.031746032      -0.28274536 
     0.031836735      -0.29226685 
     0.031927438      -0.27658081 
     0.032018141      -0.27227783 
     0.032108844      -0.26669312 
     0.032199546      -0.24856567 
     0.032290249      -0.24041748 
     0.032380952      -0.22531128 
     0.032471655      -0.22341919 
     0.032562358      -0.22988892 
     0.032653061      -0.20861816 
     0.032743764      -0.18896484 
     0.032834467      -0.16894531 
      0.03292517      -0.14013672 
     0.033015873      -0.12478638 
     0.033106576       -0.1036377 
     0.033197279     -0.088989258 
     0.033287982     -0.096008301 
     0.033378685     -0.093933105 
     0.033469388     -0.092437744 
     0.033560091     -0.099517822 
     0.033650794     -0.089385986 
     0.033741497     -0.058319092 
       0.0338322      -0.01953125 
     0.033922902      0.015258789 
     0.034013605      0.036773682 
     0.034104308      0.048034668 
     0.034195011      0.062744141 
     0.034285714      0.080383301 
     0.034376417       0.10061646 
      0.03446712         0.112854 
     0.034557823      0.095611572 
     0.034648526       0.08013916 
     0.034739229       0.10391235 
     0.034829932       0.13626099 
     0.034920635       0.15106201 
     0.035011338        0.1555481 
     0.035102041        0.1456604 
     0.035192744       0.15371704 
     0.035283447       0.17684937 
      0.03537415       0.15081787 
     0.035464853       0.11437988 
     0.035555556       0.12814331 
     0.035646259        0.1534729 
     0.035736961       0.15713501 
     0.035827664       0.15292358 
     0.035918367       0.15380859 
      0.03600907       0.15289307 
     0.036099773       0.14297485 
     0.036190476       0.12911987 
     0.036281179       0.12197876 
     0.036371882       0.12054443 
     0.036462585       0.11508179 
     0.036553288        0.1036377 
     0.036643991      0.069244385 
     0.036734694      0.046691895 
     0.036825397      0.076751709 
       0.0369161       0.09576416 
     0.037006803      0.085876465 
     0.037097506      0.096343994 
     0.037188209      0.098602295 
     0.037278912      0.070953369 
     0.037369615      0.047729492 
     0.037460317      0.029541016 
      0.03755102      0.037261963 
     0.037641723      0.054138184 
     0.037732426      0.047912598 
     0.037823129      0.067657471 
     0.037913832      0.091888428 
     0.038004535      0.090087891 
     0.038095238      0.073425293 
     0.038185941      0.046844482 
     0.038276644      0.053253174 
     0.038367347      0.078704834 
      0.03845805      0.087982178 
     0.038548753      0.089050293 
     0.038639456      0.082702637 
     0.038730159      0.084136963 
     0.038820862      0.092285156 
     0.038911565      0.098968506 
     0.039002268       0.12115479 
     0.039092971       0.13146973 
     0.039183673       0.11080933 
     0.039274376       0.10687256 
     0.039365079       0.12286377 
     0.039455782       0.12771606 
     0.039546485       0.13778687 
     0.039637188       0.15353394 
     0.039727891       0.15643311 
     0.039818594       0.15939331 
     0.039909297       0.16213989 
            0.04       0.15707397 
     0.040090703       0.15335083 
     0.040181406       0.13989258 
     0.040272109       0.11849976 
     0.040362812       0.11392212 
     0.040453515       0.12503052 
     0.040544218       0.13885498 
     0.040634921       0.14855957 
     0.040725624       0.15130615 
     0.040816327       0.14685059 
     0.040907029       0.14346313 
     0.040997732       0.14437866 
     0.041088435       0.13827515 
     0.041179138       0.12765503 
     0.041269841        0.1184082 
     0.041360544       0.10797119 
     0.041451247       0.10391235 
      0.04154195       0.10879517 
     0.041632653       0.10922241 
     0.041723356       0.10183716 
     0.041814059        0.1026001 
     0.041904762       0.10791016 
     0.041995465      0.096984863 
     0.042086168      0.085968018 
     0.042176871      0.082824707 
     0.042267574      0.071746826 
     0.042358277      0.061279297 
      0.04244898      0.054260254 
     0.042539683      0.045776367 
     0.042630385       0.03302002 
     0.042721088      0.018249512 
     0.042811791     0.0089111328 
     0.042902494    -0.0046691895 
     0.042993197     -0.017822266 
       0.0430839     -0.014434814 
     0.043174603    -0.0070495605 
     0.043265306     -0.014343262 
     0.043356009     -0.020385742 
     0.043446712     -0.010009766 
     0.043537415     -0.013549805 
     0.043628118     -0.038818359 
     0.043718821      -0.06060791 
     0.043809524     -0.069732666 
     0.043900227     -0.060150146 
      0.04399093     -0.049499512 
     0.044081633     -0.052246094 
     0.044172336      -0.05255127 
     0.044263039     -0.048553467 
     0.044353741     -0.041046143 
     0.044444444     -0.022033691 
     0.044535147    -0.0054931641 
      0.04462585    -0.0070800781 
     0.044716553     -0.010101318 
     0.044807256     -0.012329102 
     0.044897959     -0.022857666 
     0.044988662     -0.024169922 
     0.045079365     -0.013793945 
     0.045170068     -0.009185791 
     0.045260771       -0.0128479 
     0.045351474     -0.010040283 
     0.045442177    0.00088500977 
      0.04553288      0.010345459 
     0.045623583      0.017150879 
     0.045714286      0.021209717 
     0.045804989      0.021759033 
     0.045895692      0.018005371 
     0.045986395      0.017822266 
     0.046077098      0.023193359 
       0.0461678      0.026367188 
     0.046258503      0.032592773 
     0.046349206      0.028137207 
     0.046439909     0.0076599121 
     0.046530612      0.008972168 
     0.046621315      0.010742188 
     0.046712018     -0.014465332 
     0.046802721     -0.018096924 
     0.046893424     0.0010375977 
     0.046984127     0.0040588379 
      0.04707483    -0.0062255859 
     0.047165533     -0.013702393 
     0.047256236     -0.020721436 
     0.047346939     -0.025054932 
     0.047437642     -0.026641846 
     0.047528345      -0.03692627 
     0.047619048     -0.046142578 
     0.047709751     -0.052947998 
     0.047800454     -0.057617188 
     0.047891156     -0.063873291 
     0.047981859     -0.076080322 
     0.048072562     -0.068084717 
     0.048163265     -0.050231934 
     0.048253968     -0.056121826 
     0.048344671     -0.083435059 
     0.048435374      -0.10165405 
     0.048526077     -0.095947266 
      0.04861678     -0.095794678 
     0.048707483      -0.10144043 
     0.048798186      -0.10186768 
     0.048888889      -0.11837769 
     0.048979592      -0.11938477 
     0.049070295     -0.092712402 
     0.049160998     -0.099029541 
     0.049251701      -0.12374878 
     0.049342404      -0.12637329 
     0.049433107       -0.1265564 
      0.04952381      -0.12432861 
     0.049614512       -0.1192627 
     0.049705215      -0.12219238 
     0.049795918      -0.13067627 
     0.049886621      -0.13998413 
     0.049977324      -0.13867188 
     0.050068027      -0.14202881 
      0.05015873      -0.14981079 
     0.050249433      -0.14028931 
     0.050340136      -0.13275146 
     0.050430839      -0.14154053 
     0.050521542      -0.15475464 
     0.050612245      -0.15789795 
     0.050702948       -0.1590271 
     0.050793651       -0.1647644 
     0.050884354      -0.16015625 
     0.050975057      -0.15255737 
      0.05106576       -0.1451416 
     0.051156463      -0.14303589 
     0.051247166      -0.15774536 
     0.051337868      -0.16726685 
     0.051428571      -0.15457153 
     0.051519274      -0.13693237 
     0.051609977      -0.14077759 
      0.05170068      -0.15350342 
     0.051791383      -0.14578247 
     0.051882086      -0.13937378 
     0.051972789      -0.15139771 
     0.052063492      -0.15167236 
     0.052154195      -0.14053345 
     0.052244898      -0.13409424 
     0.052335601      -0.12512207 
     0.052426304      -0.11898804 
     0.052517007      -0.11349487 
      0.05260771      -0.10797119 
     0.052698413       -0.1055603 
     0.052789116      -0.09664917 
     0.052879819     -0.094726562 
     0.052970522     -0.099456787 
     0.053061224     -0.091827393 
     0.053151927     -0.083221436 
      0.05324263      -0.08404541 
     0.053333333     -0.081726074 
     0.053424036     -0.076202393 
     0.053514739     -0.080963135 
     0.053605442     -0.080718994 
     0.053696145     -0.063812256 
     0.053786848     -0.050323486 
     0.053877551     -0.043701172 
     0.053968254     -0.038299561 
     0.054058957     -0.032470703 
      0.05414966     -0.016296387 
     0.054240363     0.0029907227 
     0.054331066      0.003112793 
     0.054421769    -0.0045471191 
     0.054512472   -0.00088500977 
     0.054603175     0.0026855469 
     0.054693878      0.013000488 
      0.05478458      0.020019531 
     0.054875283      0.013092041 
     0.054965986      0.020263672 
     0.055056689      0.026397705 
     0.055147392      0.026092529 
     0.055238095      0.036529541 
     0.055328798      0.042663574 
     0.055419501      0.044769287 
     0.055510204       0.05065918 
     0.055600907      0.045532227 
      0.05569161      0.040985107 
     0.055782313      0.061706543 
     0.055873016      0.078521729 
     0.055963719      0.080780029 
     0.056054422      0.078765869 
     0.056145125      0.069335938 
     0.056235828       0.07131958 
     0.056326531      0.072570801 
     0.056417234      0.071838379 
     0.056507937      0.083648682 
     0.056598639      0.081085205 
     0.056689342      0.074005127 
     0.056780045      0.081451416 
     0.056870748      0.087371826 
     0.056961451      0.088165283 
     0.057052154      0.090820312 
     0.057142857      0.094268799 
      0.05723356      0.088928223 
     0.057324263      0.081207275 
     0.057414966      0.079193115 
     0.057505669      0.081481934 
     0.057596372      0.085327148 
     0.057687075      0.083557129 
     0.057777778      0.083282471 
     0.057868481      0.087402344 
     0.057959184      0.083648682 
     0.058049887      0.067687988 
      0.05814059      0.058105469 
     0.058231293      0.058868408 
     0.058321995      0.050689697 
     0.058412698        0.0440979 
     0.058503401      0.043212891 
     0.058594104      0.041870117 
     0.058684807      0.048126221 
      0.05877551      0.053070068 
     0.058866213      0.055511475 
     0.058956916        0.0574646 
     0.059047619      0.047790527 
     0.059138322      0.036834717 
     0.059229025      0.035217285 
     0.059319728      0.035095215 
     0.059410431      0.038085938 
     0.059501134      0.039215088 
     0.059591837      0.036437988 
      0.05968254      0.040649414 
     0.059773243      0.041534424 
     0.059863946      0.040466309 
     0.059954649      0.048858643 
     0.060045351      0.051269531 
     0.060136054      0.046325684 
     0.060226757      0.052093506 
      0.06031746      0.061309814 
     0.060408163      0.062805176 
     0.060498866      0.059906006 
     0.060589569      0.053588867 
     0.060680272      0.058197021 
     0.060770975      0.077636719 
     0.060861678      0.091644287 
     0.060952381      0.093292236 
     0.061043084      0.089172363 
     0.061133787      0.082702637 
      0.06122449      0.077545166 
     0.061315193      0.075775146 
     0.061405896      0.078552246 
     0.061496599      0.092010498 
     0.061587302      0.096862793 
     0.061678005      0.088317871 
     0.061768707      0.092285156 
      0.06185941      0.093658447 
     0.061950113      0.095336914 
     0.062040816       0.10906982 
     0.062131519       0.10089111 
     0.062222222      0.085571289 
     0.062312925      0.087677002 
     0.062403628      0.092285156 
     0.062494331       0.10070801 
     0.062585034       0.10931396 
     0.062675737       0.10513306 
      0.06276644      0.094818115 
     0.062857143      0.093109131 
     0.062947846      0.092987061 
     0.063038549      0.085449219 
     0.063129252      0.080993652 
     0.063219955      0.084564209 
     0.063310658      0.091552734 
     0.063401361      0.086486816 
     0.063492063      0.072906494 
     0.063582766      0.071990967 
     0.063673469      0.067962646 
     0.063764172      0.062835693 
     0.063854875      0.072692871 
     0.063945578      0.065307617 
     0.064036281      0.045776367 
     0.064126984      0.040618896 
     0.064217687      0.037353516 
      0.06430839      0.032226562 
     0.064399093      0.028961182 
     0.064489796      0.027130127 
     0.064580499      0.024353027 
     0.064671202       0.02722168 
     0.064761905      0.030303955 
     0.064852608      0.029846191 
     0.064943311      0.037536621 
     0.065034014      0.033905029 
     0.065124717      0.019958496 
      0.06521542       0.01159668 
     0.065306122     0.0052490234 
     0.065396825     0.0082092285 
     0.065487528      0.014190674 
     0.065578231      0.015960693 
     0.065668934      0.013916016 
     0.065759637     0.0064086914 
      0.06585034    0.00067138672 
     0.065941043     -0.004486084 
     0.066031746    -0.0079040527 
     0.066122449    -0.0078735352 
     0.066213152     -0.013763428 
     0.066303855      -0.01763916 
     0.066394558     -0.017486572 
     0.066485261     -0.021514893 
     0.066575964      -0.02432251 
     0.066666667     -0.031219482 
      0.06675737     -0.029541016 
     0.066848073     -0.012481689 
     0.066938776     -0.013000488 
     0.067029478       -0.0262146 
     0.067120181     -0.036743164 
     0.067210884     -0.044921875 
     0.067301587     -0.035064697 
      0.06739229     -0.023986816 
     0.067482993     -0.032287598 
     0.067573696     -0.039672852 
     0.067664399     -0.035400391 
     0.067755102     -0.029785156 
     0.067845805     -0.031860352 
     0.067936508     -0.037414551 
     0.068027211       -0.0340271 
     0.068117914     -0.031188965 
     0.068208617     -0.043273926 
      0.06829932     -0.054870605 
     0.068390023     -0.053222656 
     0.068480726     -0.049865723 
     0.068571429      -0.05368042 
     0.068662132     -0.059692383 
     0.068752834     -0.057220459 
     0.068843537       -0.0519104 
      0.06893424     -0.056182861 
     0.069024943     -0.062744141 
     0.069115646     -0.065795898 
     0.069206349     -0.064331055 
     0.069297052     -0.061706543 
     0.069387755     -0.074859619 
     0.069478458     -0.090179443 
     0.069569161     -0.084564209 
     0.069659864     -0.077972412 
     0.069750567     -0.080322266 
      0.06984127     -0.080657959 
     0.069931973     -0.081817627 
     0.070022676     -0.089782715 
     0.070113379     -0.096740723 
     0.070204082      -0.09072876 
     0.070294785     -0.087646484 
     0.070385488     -0.095947266 
      0.07047619      -0.10437012 
     0.070566893       -0.1166687 
     0.070657596      -0.12008667 
     0.070748299      -0.10629272 
     0.070839002     -0.098114014 
     0.070929705     -0.097320557 
     0.071020408     -0.097473145 
     0.071111111      -0.10931396 
     0.071201814      -0.12020874 
     0.071292517      -0.11392212 
      0.07138322      -0.10928345 
     0.071473923      -0.10559082 
     0.071564626     -0.092468262 
     0.071655329     -0.086669922 
     0.071746032     -0.093292236 
     0.071836735       -0.1026001 
     0.071927438     -0.094085693 
     0.072018141     -0.074523926 
     0.072108844      -0.06628418 
     0.072199546     -0.064422607 
     0.072290249     -0.066101074 
     0.072380952     -0.061828613 
     0.072471655     -0.058044434 
     0.072562358     -0.061157227 
     0.072653061     -0.055938721 
     0.072743764     -0.047302246 
     0.072834467     -0.037353516 
      0.07292517     -0.032348633 
     0.073015873     -0.032714844 
     0.073106576      -0.02355957 
     0.073197279     -0.014251709 
     0.073287982     -0.010009766 
     0.073378685     -0.003326416 
     0.073469388     0.0073852539 
     0.073560091      0.015594482 
     0.073650794      0.013946533 
     0.073741497      0.011047363 
       0.0738322      0.014862061 
     0.073922902      0.017547607 
     0.074013605      0.018981934 
     0.074104308      0.027130127 
     0.074195011      0.025360107 
     0.074285714      0.012298584 
     0.074376417      0.013122559 
      0.07446712      0.027709961 
     0.074557823      0.039855957 
     0.074648526      0.038635254 
     0.074739229        0.0340271 
     0.074829932      0.033294678 
     0.074920635      0.031707764 
     0.075011338      0.036224365 
     0.075102041       0.04196167 
     0.075192744      0.039916992 
     0.075283447      0.040557861 
      0.07537415      0.045654297 
     0.075464853       0.03604126 
     0.075555556      0.022094727 
     0.075646259       0.02557373 
     0.075736961      0.031433105 
     0.075827664      0.029541016 
     0.075918367      0.025390625 
      0.07600907      0.021057129 
     0.076099773     0.0095825195 
     0.076190476       -0.0105896 
     0.076281179     -0.016601562 
     0.076371882   -0.00094604492 
     0.076462585      0.011260986 
     0.076553288       0.00390625 
     0.076643991    -0.0049438477 
     0.076734694    -0.0039367676 
     0.076825397    -0.0023803711 
       0.0769161    -0.0045471191 
     0.077006803     -0.015258789 
     0.077097506     -0.020629883 
     0.077188209     -0.011962891 
     0.077278912     -0.011993408 
     0.077369615     -0.020263672 
     0.077460317     -0.020263672 
      0.07755102     -0.019348145 
     0.077641723     -0.030792236 
     0.077732426     -0.037445068 
     0.077823129     -0.030731201 
     0.077913832     -0.036102295 
     0.078004535     -0.043945312 
     0.078095238     -0.042022705 
     0.078185941     -0.039825439 
     0.078276644     -0.038574219 
     0.078367347     -0.040710449 
      0.07845805     -0.035644531 
     0.078548753     -0.026062012 
     0.078639456     -0.019897461 
     0.078730159     -0.018707275 
     0.078820862     -0.026916504 
     0.078911565     -0.027557373 
     0.079002268     -0.017181396 
     0.079092971    -0.0065002441 
     0.079183673     0.0043945312 
     0.079274376     0.0055541992 
     0.079365079    -0.0049743652 
     0.079455782    -0.0061035156 
     0.079546485   -0.00054931641 
     0.079637188     -0.001739502 
     0.079727891    -0.0010986328 
     0.079818594     0.0020446777 
     0.079909297     0.0027160645 
            0.08     0.0047912598 
     0.080090703      0.015075684 
     0.080181406      0.023620605 
     0.080272109      0.019805908 
     0.080362812      0.021118164 
     0.080453515      0.031555176 
     0.080544218      0.036224365 
     0.080634921      0.032867432 
     0.080725624      0.028167725 
     0.080816327      0.031829834 
     0.080907029      0.038238525 
     0.080997732      0.035339355 
     0.081088435      0.029327393 
     0.081179138      0.025238037 
     0.081269841      0.025695801 
     0.081360544      0.028106689 
     0.081451247      0.022888184 
      0.08154195      0.021820068 
     0.081632653      0.025756836 
     0.081723356       0.02645874 
     0.081814059      0.030487061 
     0.081904762      0.028869629 
     0.081995465      0.024505615 
     0.082086168      0.032531738 
     0.082176871      0.035766602 
     0.082267574      0.026824951 
     0.082358277       0.01953125 
      0.08244898       0.01449585 
     0.082539683      0.013153076 
     0.082630385      0.010162354 
     0.082721088     0.0089111328 
     0.082811791      0.015777588 
     0.082902494     0.0094604492 
     0.082993197    9.1552734e-05 
       0.0830839     0.0079040527 
     0.083174603      0.014678955 
     0.083265306      0.013885498 
     0.083356009     0.0045471191 
     0.083446712    -0.0059509277 
     0.083537415     0.0014038086 
     0.083628118      0.008605957 
     0.083718821     0.0044555664 
     0.083809524     0.0076599121 
     0.083900227      0.013977051 
      0.08399093     0.0048217773 
     0.084081633     -0.017272949 
     0.084172336     -0.025115967 
     0.084263039     -0.010009766 
     0.084353741   -0.00012207031 
     0.084444444    0.00054931641 
     0.084535147     0.0099487305 
      0.08462585      0.016937256 
     0.084716553      0.016815186 
     0.084807256      0.014465332 
     0.084897959     0.0043029785 
     0.084988662   -0.00079345703 
     0.085079365     0.0020751953 
     0.085170068     0.0011291504 
     0.085260771     0.0013122559 
     0.085351474     0.0028686523 
     0.085442177     0.0031433105 
      0.08553288     0.0091552734 
     0.085623583      0.016540527 
     0.085714286      0.019622803 
     0.085804989      0.025390625 
     0.085895692      0.024627686 
     0.085986395      0.017852783 
     0.086077098      0.026580811 
       0.0861678      0.040130615 
     0.086258503      0.039916992 
     0.086349206       0.03515625 
     0.086439909      0.033172607 
     0.086530612      0.025848389 
     0.086621315      0.016540527 
     0.086712018      0.016113281 
     0.086802721      0.021148682 
     0.086893424      0.029968262 
     0.086984127      0.031890869 
      0.08707483      0.018371582 
     0.087165533       0.01651001 
     0.087256236      0.031951904 
     0.087346939      0.036590576 
     0.087437642      0.027770996 
     0.087528345      0.020507812 
     0.087619048      0.018493652 
     0.087709751      0.023345947 
     0.087800454      0.029998779 
     0.087891156      0.024230957 
     0.087981859      0.013580322 
     0.088072562      0.012939453 
     0.088163265      0.016937256 
     0.088253968      0.019134521 
     0.088344671      0.019958496 
     0.088435374      0.014129639 
     0.088526077     0.0059204102 
      0.08861678     0.0049743652 
     0.088707483    0.00024414062 
     0.088798186    -0.0059204102 
     0.088888889    -0.0057373047 
     0.088979592    -0.0095214844 
     0.089070295     -0.010528564 
     0.089160998     -0.012054443 
     0.089251701      -0.01864624 
     0.089342404     -0.017456055 
     0.089433107     -0.018890381 
      0.08952381     -0.018035889 
     0.089614512     -0.013885498 
     0.089705215     -0.026092529 
     0.089795918     -0.030029297 
     0.089886621     -0.019836426 
     0.089977324     -0.020599365 
     0.090068027     -0.026763916 
      0.09015873     -0.029998779 
     0.090249433     -0.026245117 
     0.090340136       -0.0234375 
     0.090430839     -0.029205322 
     0.090521542     -0.031829834 
     0.090612245     -0.033599854 
     0.090702948     -0.034393311 
     0.090793651     -0.028594971 
     0.090884354     -0.025848389 
     0.090975057     -0.027587891 
      0.09106576     -0.029296875 
     0.091156463     -0.034332275 
     0.091247166     -0.035858154 
     0.091337868     -0.025848389 
     0.091428571     -0.020843506 
     0.091519274     -0.027313232 
     0.091609977     -0.027954102 
      0.09170068     -0.021881104 
     0.091791383     -0.016296387 
     0.091882086    -0.0098266602 
     0.091972789    -0.0075073242 
     0.092063492    -0.0093688965 
     0.092154195    -0.0081481934 
     0.092244898     -0.011932373 
     0.092335601     -0.019256592 
     0.092426304     -0.015686035 
     0.092517007     -0.008026123 
      0.09260771    -0.0029907227 
     0.092698413   -0.00033569336 
     0.092789116      0.001159668 
     0.092879819      0.009552002 
     0.092970522      0.013366699 
     0.093061224     0.0091247559 
     0.093151927      0.011749268 
      0.09324263       0.01574707 
     0.093333333      0.019958496 
     0.093424036      0.018585205 
     0.093514739      0.010162354 
     0.093605442      0.012908936 
     0.093696145      0.017028809 
     0.093786848      0.017486572 
     0.093877551      0.022888184 
     0.093968254      0.025787354 
     0.094058957      0.023712158 
      0.09414966      0.020385742 
     0.094240363      0.018951416 
     0.094331066      0.019012451 
     0.094421769      0.019073486 
     0.094512472      0.022064209 
     0.094603175      0.028869629 
     0.094693878      0.028747559 
      0.09478458      0.014770508 
     0.094875283     0.0086975098 
     0.094965986      0.021270752 
     0.095056689      0.027984619 
     0.095147392      0.031982422 
     0.095238095      0.037475586 
     0.095328798      0.026672363 
     0.095419501      0.022369385 
     0.095510204      0.028686523 
     0.095600907      0.026672363 
      0.09569161      0.026123047 
     0.095782313      0.021087646 
     0.095873016       0.01260376 
     0.095963719      0.014190674 
     0.096054422      0.018554688 
     0.096145125      0.024475098 
     0.096235828       0.02911377 
     0.096326531      0.019836426 
     0.096417234     0.0097045898 
     0.096507937     0.0093688965 
     0.096598639     0.0053100586 
     0.096689342      0.002746582 
     0.096780045     0.0072631836 
     0.096870748     0.0074157715 
     0.096961451     0.0032958984 
     0.097052154    -0.0019226074 
     0.097142857    -0.0051574707 
      0.09723356     0.0021972656 
     0.097324263     0.0093383789 
     0.097414966    -0.0017089844 
     0.097505669     -0.011962891 
     0.097596372    -0.0078430176 
     0.097687075     -0.007598877 
     0.097777778     -0.013519287 
     0.097868481     -0.016662598 
     0.097959184     -0.018585205 
     0.098049887     -0.025268555 
      0.09814059     -0.029388428 
     0.098231293     -0.025054932 
     0.098321995     -0.024810791 
     0.098412698     -0.026123047 
     0.098503401     -0.023712158 
     0.098594104     -0.026550293 
     0.098684807     -0.028198242 
      0.09877551      -0.02722168 
     0.098866213     -0.033111572 
     0.098956916     -0.038085938 
     0.099047619     -0.038665771 
     0.099138322     -0.035980225 
     0.099229025     -0.033081055 
     0.099319728     -0.039642334 
     0.099410431      -0.04574585 
     0.099501134     -0.043121338 
     0.099591837     -0.043395996 
      0.09968254     -0.050109863 
     0.099773243     -0.054870605 
     0.099863946     -0.049957275 
     0.099954649     -0.040222168 
      0.10004535     -0.033569336 
      0.10013605     -0.032989502 
      0.10022676     -0.037628174 
      0.10031746     -0.038024902 
      0.10040816     -0.038604736 
      0.10049887     -0.041900635 
      0.10058957      -0.03729248 
      0.10068027     -0.028717041 
      0.10077098     -0.020904541 
      0.10086168     -0.020263672 
      0.10095238     -0.026611328 
      0.10104308      -0.02520752 
      0.10113379      -0.01776123 
      0.10122449       -0.0128479 
      0.10131519     -0.013519287 
       0.1014059     -0.016662598 
       0.1014966     -0.015075684 
       0.1015873     -0.015014648 
        0.101678      -0.01272583 
      0.10176871    -0.0014343262 
      0.10185941     0.0022583008 
      0.10195011    -0.0016174316 
      0.10204082    -0.0062561035 
      0.10213152     -0.009185791 
      0.10222222    0.00094604492 
      0.10231293     0.0078430176 
      0.10240363     0.0033874512 
      0.10249433     0.0014648438 
      0.10258503    -0.0028381348 
      0.10267574    -0.0084533691 
      0.10276644    -0.0060424805 
      0.10285714     0.0051269531 
      0.10294785      0.015197754 
      0.10303855      0.015716553 
      0.10312925      0.015014648 
      0.10321995      0.019317627 
      0.10331066      0.024047852 
      0.10340136      0.021636963 
      0.10349206      0.019744873 
      0.10358277      0.025848389 
      0.10367347      0.026092529 
      0.10376417      0.025268555 
      0.10385488      0.026824951 
      0.10394558      0.020477295 
      0.10403628      0.017181396 
      0.10412698      0.019256592 
      0.10421769      0.019836426 
      0.10430839      0.022674561 
      0.10439909      0.029327393 
       0.1044898      0.032501221 
       0.1045805      0.027801514 
       0.1046712      0.027557373 
       0.1047619      0.029724121 
      0.10485261      0.024230957 
      0.10494331      0.023712158 
      0.10503401      0.026916504 
      0.10512472      0.025756836 
      0.10521542      0.028503418 
      0.10530612      0.031860352 
      0.10539683      0.032043457 
      0.10548753      0.035461426 
      0.10557823      0.035736084 
      0.10566893       0.02923584 
      0.10575964      0.029022217 
      0.10585034      0.033874512 
      0.10594104      0.033172607 
      0.10603175      0.025756836 
      0.10612245      0.018371582 
      0.10621315      0.021270752 
      0.10630385      0.023406982 
      0.10639456      0.020202637 
      0.10648526      0.022491455 
      0.10657596      0.021759033 
      0.10666667      0.020904541 
      0.10675737      0.027832031 
      0.10684807      0.029449463 
      0.10693878      0.021697998 
      0.10702948      0.013366699 
      0.10712018       0.01171875 
      0.10721088      0.015380859 
      0.10730159      0.014587402 
      0.10739229     0.0069274902 
      0.10748299     0.0038757324 
       0.1075737      0.012023926 
       0.1076644      0.015106201 
       0.1077551     0.0062866211 
       0.1078458     0.0023193359 
      0.10793651     0.0033569336 
      0.10802721     0.0018615723 
      0.10811791    -0.0011291504 
      0.10820862    -0.0063781738 
      0.10829932     -0.012573242 
      0.10839002     -0.017822266 
      0.10848073      -0.01864624 
      0.10857143      -0.02130127 
      0.10866213     -0.027404785 
      0.10875283     -0.026031494 
      0.10884354     -0.025421143 
      0.10893424       -0.0284729 
      0.10902494     -0.027160645 
      0.10911565     -0.026702881 
      0.10920635     -0.022918701 
      0.10929705     -0.020141602 
      0.10938776     -0.028991699 
      0.10947846     -0.033508301 
      0.10956916     -0.035827637 
      0.10965986     -0.038574219 
      0.10975057     -0.030517578 
      0.10984127     -0.028808594 
      0.10993197       -0.0340271 
      0.11002268     -0.031585693 
      0.11011338     -0.028533936 
      0.11020408     -0.031982422 
      0.11029478     -0.038574219 
      0.11038549     -0.040039062 
      0.11047619     -0.035461426 
      0.11056689     -0.032104492 
       0.1106576     -0.031005859 
       0.1107483     -0.030517578 
        0.110839     -0.028625488 
      0.11092971     -0.023712158 
      0.11102041     -0.022705078 
      0.11111111       -0.0234375 
      0.11120181      -0.02355957 
      0.11129252     -0.026947021 
      0.11138322     -0.023956299 
      0.11147392      -0.01751709 
      0.11156463     -0.016906738 
      0.11165533     -0.017150879 
      0.11174603     -0.017181396 
      0.11183673     -0.013946533 
      0.11192744    -0.0078430176 
      0.11201814    -0.0042114258 
      0.11210884    -0.0018310547 
      0.11219955    -0.0028686523 
      0.11229025    -0.0029296875 
      0.11238095     0.0014343262 
      0.11247166     0.0044250488 
      0.11256236     0.0077209473 
      0.11265306      0.012756348 
      0.11274376      0.015563965 
      0.11283447      0.012573242 
      0.11292517     0.0099487305 
      0.11301587      0.013000488 
      0.11310658      0.016052246 
      0.11319728      0.018432617 
      0.11328798       0.02432251 
      0.11337868      0.029815674 
      0.11346939       0.02947998 
      0.11356009      0.032348633 
      0.11365079      0.035125732 
       0.1137415      0.029510498 
       0.1138322      0.028503418 
       0.1139229       0.02923584 
      0.11401361      0.026977539 
      0.11410431      0.024597168 
      0.11419501      0.021850586 
      0.11428571       0.02545166 
      0.11437642      0.026489258 
      0.11446712      0.024169922 
      0.11455782      0.025177002 
      0.11464853      0.022125244 
      0.11473923      0.023773193 
      0.11482993      0.026916504 
      0.11492063      0.020965576 
      0.11501134      0.019805908 
      0.11510204      0.020782471 
      0.11519274      0.018280029 
      0.11528345      0.023406982 
      0.11537415      0.027893066 
      0.11546485      0.022918701 
      0.11555556      0.017456055 
      0.11564626      0.014526367 
      0.11573696      0.015228271 
      0.11582766       0.01651001 
      0.11591837      0.009979248 
      0.11600907     0.0044555664 
      0.11609977     0.0079956055 
      0.11619048      0.012878418 
      0.11628118      0.013702393 
      0.11637188      0.012908936 
      0.11646259      0.014587402 
      0.11655329      0.012756348 
      0.11664399     0.0047607422 
      0.11673469     0.0021362305 
       0.1168254     0.0023498535 
       0.1169161    -0.0020446777 
       0.1170068   -6.1035156e-05 
      0.11709751     0.0079040527 
      0.11718821     0.0089111328 
      0.11727891     0.0076599121 
      0.11736961     0.0059204102 
      0.11746032     0.0021362305 
      0.11755102     0.0053710938 
      0.11764172        0.0105896 
      0.11773243        0.0128479 
      0.11782313      0.016448975 
      0.11791383      0.014892578 
      0.11800454     0.0097351074 
      0.11809524      0.012695312 
      0.11818594      0.015228271 
      0.11827664     0.0074768066 
      0.11836735     0.0042419434 
      0.11845805     0.0076293945 
      0.11854875      0.005279541 
      0.11863946   -0.00024414062 
      0.11873016    -0.0010375977 
      0.11882086     0.0090637207 
      0.11891156      0.016937256 
      0.11900227      0.012237549 
      0.11909297      0.010925293 
      0.11918367      0.013549805 
      0.11927438      0.012573242 
      0.11936508     0.0082092285 
      0.11945578     0.0018920898 
      0.11954649     0.0030822754 
      0.11963719      0.008972168 
      0.11972789      0.010253906 
      0.11981859     0.0096130371 
       0.1199093     0.0099182129 
            0.12      0.011047363 
       0.1200907     0.0098876953 
      0.12018141     0.0038757324 
      0.12027211    -0.0010070801 
      0.12036281    -0.0022583008 
      0.12045351    -0.0012207031 
      0.12054422      0.001373291 
      0.12063492     0.0045166016 
      0.12072562     0.0076904297 
      0.12081633     0.0055847168 
      0.12090703     0.0057373047 
      0.12099773     0.0077819824 
      0.12108844    6.1035156e-05 
      0.12117914    -0.0034790039 
      0.12126984    0.00057983398 
      0.12136054     0.0041809082 
      0.12145125     0.0045471191 
      0.12154195    -0.0037231445 
      0.12163265      -0.01159668 
      0.12172336     -0.016021729 
      0.12181406     -0.019592285 
      0.12190476     -0.018218994 
      0.12199546     -0.018432617 
      0.12208617     -0.019439697 
      0.12217687     -0.013397217 
      0.12226757     -0.010131836 
      0.12235828     -0.012939453 
      0.12244898     -0.015411377 
      0.12253968       -0.0184021 
      0.12263039     -0.018890381 
      0.12272109     -0.019104004 
      0.12281179     -0.019470215 
      0.12290249     -0.017059326 
       0.1229932     -0.018676758 
       0.1230839     -0.020385742 
       0.1231746     -0.021697998 
      0.12326531     -0.028411865 
      0.12335601     -0.031982422 
      0.12344671     -0.027832031 
      0.12353741     -0.026397705 
      0.12362812     -0.029205322 
      0.12371882     -0.030944824 
      0.12380952     -0.031524658 
      0.12390023     -0.026397705 
      0.12399093      -0.02355957 
      0.12408163     -0.026275635 
      0.12417234     -0.028594971 
      0.12426304     -0.030883789 
      0.12435374     -0.027008057 
      0.12444444     -0.023071289 
      0.12453515     -0.021850586 
      0.12462585     -0.019744873 
      0.12471655     -0.019683838 
      0.12480726     -0.020355225 
      0.12489796     -0.022399902 
      0.12498866     -0.019348145 
      0.12507937      -0.01083374 
      0.12517007    -0.0075073242 
      0.12526077    -0.0090942383 
      0.12535147    -0.0068664551 
      0.12544218   -0.00051879883 
      0.12553288     0.0021362305 
      0.12562358     0.0037231445 
      0.12571429     0.0040588379 
      0.12580499     0.0029296875 
      0.12589569     0.0083312988 
      0.12598639      0.012695312 
       0.1260771       0.01461792 
       0.1261678      0.020080566 
       0.1262585      0.021697998 
      0.12634921      0.017944336 
      0.12643991      0.013458252 
      0.12653061      0.012298584 
      0.12662132      0.011444092 
      0.12671202      0.011138916 
      0.12680272      0.018096924 
      0.12689342      0.021026611 
      0.12698413      0.015289307 
      0.12707483      0.015441895 
      0.12716553      0.024414062 
      0.12725624      0.030426025 
      0.12734694      0.028778076 
      0.12743764      0.027618408 
      0.12752834      0.030151367 
      0.12761905      0.027496338 
      0.12770975      0.018463135 
      0.12780045      0.015930176 
      0.12789116       0.02166748 
      0.12798186      0.026000977 
      0.12807256      0.023162842 
      0.12816327      0.018768311 
      0.12825397      0.020690918 
      0.12834467      0.019958496 
      0.12843537      0.016906738 
      0.12852608      0.019927979 
      0.12861678      0.019256592 
      0.12870748      0.010559082 
      0.12879819     0.0037231445 
      0.12888889     0.0015258789 
      0.12897959     0.0016784668 
      0.12907029     0.0085449219 
        0.129161       0.01574707 
       0.1292517     0.0090332031 
       0.1293424    -0.0029602051 
      0.12943311    -0.0045471191 
      0.12952381    -0.0025024414 
      0.12961451    -0.0062561035 
      0.12970522    -0.0097961426 
      0.12979592    -0.0093383789 
      0.12988662    -0.0065612793 
      0.12997732    -0.0041503906 
      0.13006803   -0.00085449219 
      0.13015873     0.0038757324 
      0.13024943   -0.00079345703 
      0.13034014    -0.0069885254 
      0.13043084    -0.0065307617 
      0.13052154     -0.013793945 
      0.13061224     -0.019042969 
      0.13070295     -0.014404297 
      0.13079365     -0.013458252 
      0.13088435    -0.0099182129 
      0.13097506     -0.002166748 
      0.13106576    -0.0022277832 
      0.13115646    -0.0040588379 
      0.13124717    -0.0032958984 
      0.13133787    -0.0082397461 
      0.13142857      -0.01473999 
      0.13151927     -0.012512207 
      0.13160998    -0.0070800781 
      0.13170068    -0.0077514648 
      0.13179138      -0.01071167 
      0.13188209     -0.012359619 
      0.13197279     -0.015258789 
      0.13206349     -0.014312744 
       0.1321542    -0.0075378418 
       0.1322449    -0.0030517578 
       0.1323356    -0.0024108887 
       0.1324263     0.0012817383 
      0.13251701     0.0059509277 
      0.13260771     0.0029907227 
      0.13269841    -0.0020446777 
      0.13278912   -0.00061035156 
      0.13287982     0.0058288574 
      0.13297052     0.0067443848 
      0.13306122    0.00054931641 
      0.13315193     0.0027160645 
      0.13324263      0.008972168 
      0.13333333     0.0090942383 
      0.13342404     0.0068054199 
      0.13351474     0.0023498535 
      0.13360544     0.0014648438 
      0.13369615     0.0039367676 
      0.13378685     0.0033569336 
      0.13387755     0.0050354004 
      0.13396825      0.010559082 
      0.13405896      0.011352539 
      0.13414966      0.010070801 
      0.13424036      0.013366699 
      0.13433107      0.011474609 
      0.13442177      0.008605957 
      0.13451247      0.014221191 
      0.13460317      0.016876221 
      0.13469388      0.012512207 
      0.13478458     0.0060119629 
      0.13487528     0.0040283203 
      0.13496599     0.0035095215 
      0.13505669    -0.0011291504 
      0.13514739   -0.00082397461 
       0.1352381     0.0045776367 
       0.1353288      0.011962891 
       0.1354195      0.016021729 
       0.1355102      0.010223389 
      0.13560091     0.0023498535 
      0.13569161   -0.00073242188 
      0.13578231   -0.00042724609 
      0.13587302      0.001953125 
      0.13596372     0.0049438477 
      0.13605442     0.0025634766 
      0.13614512                0 
      0.13623583     0.0038452148 
      0.13632653     0.0056762695 
      0.13641723     0.0041809082 
      0.13650794     0.0032348633 
      0.13659864     0.0037231445 
      0.13668934     0.0041809082 
      0.13678005    0.00048828125 
      0.13687075    -0.0015258789 
      0.13696145     0.0031433105 
      0.13705215     0.0084228516 
      0.13714286      0.010375977 
      0.13723356     0.0083618164 
      0.13732426     0.0034790039 
      0.13741497    -0.0014953613 
      0.13750567   -0.00091552734 
      0.13759637     0.0065002441 
      0.13768707      0.009552002 
      0.13777778     0.0063476562 
      0.13786848     0.0060119629 
      0.13795918     0.0068969727 
      0.13804989     0.0052185059 
      0.13814059     0.0036621094 
      0.13823129     0.0039672852 
        0.138322     0.0059204102 
       0.1384127     0.0078430176 
       0.1385034     0.0085144043 
       0.1385941     0.0052490234 
      0.13868481      0.002532959 
      0.13877551      0.006439209 
      0.13886621     0.0077819824 
      0.13895692     0.0044555664 
      0.13904762     0.0044250488 
      0.13913832     0.0070495605 
      0.13922902     0.0073852539 
      0.13931973     0.0046081543 
      0.13941043    0.00091552734 
      0.13950113    -0.0032043457 
      0.13959184    -0.0046081543 
      0.13968254    -0.0042114258 
      0.13977324    -0.0038757324 
      0.13986395    0.00024414062 
      0.13995465      0.006439209 
      0.14004535     0.0094604492 
      0.14013605     0.0063781738 
      0.14022676     0.0014343262 
      0.14031746    -0.0038146973 
      0.14040816     -0.007598877 
      0.14049887    -0.0054931641 
      0.14058957    -0.0041809082 
      0.14068027    -0.0031738281 
      0.14077098   -0.00067138672 
      0.14086168     0.0018615723 
      0.14095238     0.0062255859 
      0.14104308     0.0047302246 
      0.14113379    0.00076293945 
      0.14122449     0.0016479492 
      0.14131519     0.0027770996 
       0.1414059      0.003326416 
       0.1414966     0.0031738281 
       0.1415873     0.0018005371 
        0.141678     0.0014038086 
      0.14176871     -0.001373291 
      0.14185941    -0.0070495605 
      0.14195011    -0.0039367676 
      0.14204082     0.0066833496 
      0.14213152     0.0087585449 
      0.14222222     0.0044250488 
      0.14231293     0.0023498535 
      0.14240363     0.0028991699 
      0.14249433     0.0051879883 
      0.14258503     0.0054626465 
      0.14267574     0.0034484863 
      0.14276644     0.0017089844 
      0.14285714      0.003692627 
      0.14294785      0.005859375 
      0.14303855     0.0010375977 
      0.14312925    -0.0043334961 
      0.14321995    -0.0071716309 
      0.14331066    -0.0082702637 
      0.14340136    -0.0056762695 
      0.14349206    -0.0040588379 
      0.14358277    -0.0035705566 
      0.14367347   -0.00036621094 
      0.14376417    0.00094604492 
      0.14385488    -0.0034790039 
      0.14394558    -0.0064697266 
      0.14403628    -0.0042114258 
      0.14412698      0.001373291 
      0.14421769     0.0062561035 
      0.14430839     0.0053710938 
      0.14439909     0.0026550293 
       0.1444898    -0.0023498535 
       0.1445805    -0.0075378418 
       0.1446712    -0.0044555664 
       0.1447619    0.00057983398 
      0.14485261     0.0015869141 
      0.14494331   -0.00048828125 
      0.14503401    -0.0024108887 
      0.14512472    -0.0018310547 
      0.14521542    -0.0042724609 
      0.14530612     -0.003692627 
      0.14539683     0.0058898926 
      0.14548753      0.013641357 
      0.14557823      0.011505127 
      0.14566893     0.0039978027 
      0.14575964     0.0020751953 
      0.14585034      0.003326416 
      0.14594104     0.0035705566 
      0.14603175     0.0039367676 
      0.14612245     -0.001159668 
      0.14621315    -0.0066223145 
      0.14630385    -0.0088500977 
      0.14639456    -0.0098571777 
      0.14648526    -0.0082702637 
      0.14657596    -0.0069274902 
      0.14666667    -0.0017700195 
      0.14675737     0.0034484863 
      0.14684807   -3.0517578e-05 
      0.14693878    -0.0074157715 
      0.14702948     -0.014984131 
      0.14712018     -0.015869141 
      0.14721088     -0.012420654 
      0.14730159     -0.015014648 
      0.14739229     -0.017730713 
      0.14748299      -0.01965332 
       0.1475737     -0.020965576 
       0.1476644     -0.019104004 
       0.1477551     -0.017578125 
       0.1478458     -0.015075684 
      0.14793651     -0.018249512 
      0.14802721      -0.02456665 
      0.14811791     -0.022796631 
      0.14820862     -0.021881104 
      0.14829932     -0.025146484 
      0.14839002     -0.026184082 
      0.14848073     -0.024536133 
      0.14857143     -0.020599365 
      0.14866213     -0.017089844 
      0.14875283     -0.015411377 
      0.14884354      -0.01651001 
      0.14893424     -0.016418457 
      0.14902494     -0.011901855 
      0.14911565     -0.012145996 
      0.14920635     -0.017211914 
      0.14929705     -0.019195557 
      0.14938776     -0.016204834 
      0.14947846     -0.010803223 
      0.14956916       -0.0078125 
      0.14965986     -0.004486084 
      0.14975057   -0.00054931641 
      0.14984127     0.0013122559 
      0.14993197     0.0031738281 
      0.15002268     0.0017700195 
      0.15011338   -0.00018310547 
      0.15020408     0.0038146973 
      0.15029478     0.0075073242 
      0.15038549     0.0077819824 
      0.15047619     0.0090637207 
      0.15056689      0.010894775 
       0.1506576     0.0093994141 
       0.1507483     0.0073852539 
        0.150839      0.011749268 
      0.15092971      0.015838623 
      0.15102041      0.013702393 
      0.15111111      0.013061523 
      0.15120181      0.013214111 
      0.15129252      0.011413574 
      0.15138322      0.012329102 
      0.15147392      0.014556885 
      0.15156463      0.015319824 
      0.15165533      0.015869141 
      0.15174603      0.019897461 
      0.15183673       0.02243042 
      0.15192744      0.018096924 
      0.15201814      0.014373779 
      0.15210884      0.012054443 
      0.15219955      0.014465332 
      0.15229025      0.020050049 
      0.15238095      0.016723633 
      0.15247166      0.014038086 
      0.15256236      0.017822266 
      0.15265306      0.018463135 
      0.15274376      0.017456055 
      0.15283447      0.016143799 
      0.15292517      0.013580322 
      0.15301587      0.011993408 
      0.15310658      0.011535645 
      0.15319728      0.012695312 
      0.15328798      0.013336182 
      0.15337868      0.014831543 
      0.15346939       0.01852417 
      0.15356009      0.018493652 
      0.15365079      0.018493652 
       0.1537415       0.02142334 
       0.1538322      0.020751953 
       0.1539229      0.018066406 
      0.15401361      0.015899658 
      0.15410431      0.012756348 
      0.15419501      0.011627197 
      0.15428571        0.0128479 
      0.15437642      0.017059326 
      0.15446712      0.022216797 
      0.15455782      0.020202637 
      0.15464853      0.015228271 
      0.15473923      0.013092041 
      0.15482993      0.013977051 
      0.15492063      0.016143799 
      0.15501134      0.015136719 
      0.15510204        0.0128479 
      0.15519274      0.010253906 
      0.15528345     0.0089111328 
      0.15537415      0.010253906 
      0.15546485     0.0089111328 
      0.15555556      0.007598877 
      0.15564626      0.010437012 
      0.15573696      0.011169434 
      0.15582766     0.0079345703 
      0.15591837     0.0073852539 
      0.15600907      0.010040283 
      0.15609977      0.010375977 
      0.15619048     0.0085144043 
      0.15628118     0.0074157715 
      0.15637188     0.0096435547 
      0.15646259      0.011657715 
      0.15655329     0.0079345703 
      0.15664399     0.0030822754 
      0.15673469    0.00042724609 
       0.1568254    -0.0012512207 
       0.1569161    -0.0002746582 
       0.1570068     0.0028686523 
      0.15709751     0.0068359375 
      0.15718821     0.0083618164 
      0.15727891     0.0054931641 
      0.15736961     0.0035400391 
      0.15746032     0.0013122559 
      0.15755102    -0.0045166016 
      0.15764172     -0.008972168 
      0.15773243    -0.0089416504 
      0.15782313    -0.0089111328 
      0.15791383     -0.009552002 
      0.15800454    -0.0094909668 
      0.15809524     -0.010894775 
      0.15818594    -0.0092163086 
      0.15827664    -0.0032958984 
      0.15836735                0 
      0.15845805    -0.0039367676 
      0.15854875     -0.010620117 
      0.15863946       -0.0128479 
      0.15873016     -0.014404297 
      0.15882086     -0.015716553 
      0.15891156     -0.012451172 
      0.15900227       -0.0105896 
      0.15909297     -0.011474609 
      0.15918367    -0.0097045898 
      0.15927438     -0.010253906 
      0.15936508     -0.014343262 
      0.15945578     -0.013031006 
      0.15954649     -0.010162354 
      0.15963719     -0.011749268 
      0.15972789     -0.012634277 
      0.15981859     -0.012176514 
       0.1599093     -0.011505127 
            0.16    -0.0090026855 
       0.1600907    -0.0081787109 
      0.16018141    -0.0094909668 
      0.16027211     -0.008392334 
      0.16036281     -0.005065918 
      0.16045351    -0.0042724609 
      0.16054422    -0.0086669922 
      0.16063492     -0.011322021 
      0.16072562    -0.0085449219 
      0.16081633    -0.0078735352 
      0.16090703    -0.0087280273 
      0.16099773    -0.0068054199 
      0.16108844    -0.0067138672 
      0.16117914    -0.0099182129 
      0.16126984    -0.0099182129 
      0.16136054    -0.0061035156 
      0.16145125    -0.0032653809 
      0.16154195    -0.0014953613 
      0.16163265    -0.0030212402 
      0.16172336    -0.0049743652 
      0.16181406    -0.0025634766 
      0.16190476    -0.0031433105 
      0.16199546     -0.005279541 
      0.16208617    -0.0047607422 
      0.16217687    -0.0025024414 
      0.16226757   -0.00051879883 
      0.16235828    -0.0040588379 
      0.16244898     -0.005065918 
      0.16253968   -0.00085449219 
      0.16263039    0.00094604492 
      0.16272109    0.00094604492 
      0.16281179   -0.00042724609 
      0.16290249    -0.0021972656 
       0.1629932    -0.0041503906 
       0.1630839    -0.0059509277 
       0.1631746   -0.00061035156 
      0.16326531      0.010009766 
      0.16335601      0.011230469 
      0.16344671     0.0054321289 
      0.16353741     0.0044555664 
      0.16362812     0.0046691895 
      0.16371882     0.0034790039 
      0.16380952     0.0032348633 
      0.16390023     0.0030517578 
      0.16399093     0.0040893555 
      0.16408163     0.0095825195 
      0.16417234      0.013031006 
      0.16426304     0.0087890625 
      0.16435374     0.0050354004 
      0.16444444     0.0053405762 
      0.16453515     0.0070800781 
      0.16462585     0.0059509277 
      0.16471655      0.002746582 
      0.16480726       0.00390625 
      0.16489796     0.0049743652 
      0.16498866     0.0065307617 
      0.16507937      0.012359619 
      0.16517007      0.013000488 
      0.16526077     0.0090942383 
      0.16535147     0.0088806152 
      0.16544218      0.008972168 
      0.16553288      0.009552002 
      0.16562358       0.01083374 
      0.16571429        0.0078125 
      0.16580499     0.0071105957 
      0.16589569     0.0077209473 
      0.16598639     0.0014953613 
       0.1660771    -0.0024108887 
       0.1661678     -0.001159668 
       0.1662585    0.00064086914 
      0.16634921      0.003692627 
      0.16643991      0.001953125 
      0.16653061    -0.0032043457 
      0.16662132    -0.0032958984 
      0.16671202    -0.0032653809 
      0.16680272     -0.006072998 
      0.16689342    -0.0055847168 
      0.16698413    -0.0045471191 
      0.16707483     -0.006072998 
      0.16716553    -0.0028991699 
      0.16725624    0.00067138672 
      0.16734694    -0.0025024414 
      0.16743764    -0.0042419434 
      0.16752834    -0.0041809082 
      0.16761905    -0.0057983398 
      0.16770975    -0.0055541992 
      0.16780045    -0.0064697266 
      0.16789116    -0.0091247559 
      0.16798186     -0.010314941 
      0.16807256     -0.010986328 
      0.16816327     -0.011108398 
      0.16825397     -0.011108398 
      0.16834467     -0.010955811 
      0.16843537    -0.0088500977 
      0.16852608    -0.0092163086 
      0.16861678     -0.012359619 
      0.16870748     -0.012481689 
      0.16879819      -0.01260376 
      0.16888889     -0.012542725 
      0.16897959     -0.010986328 
      0.16907029     -0.011810303 
        0.169161     -0.011627197 
       0.1692517     -0.011444092 
       0.1693424     -0.011108398 
      0.16943311    -0.0073242188 
      0.16952381    -0.0065307617 
      0.16961451    -0.0053710938 
      0.16970522    -0.0031433105 
      0.16979592    -0.0078735352 
      0.16988662     -0.010040283 
      0.16997732    -0.0049743652 
      0.17006803    -0.0034484863 
      0.17015873    -0.0053405762 
      0.17024943    -0.0051269531 
      0.17034014     -0.004119873 
      0.17043084    -0.0030822754 
      0.17052154    -0.0022888184 
      0.17061224    -0.0036621094 
      0.17070295    -0.0053100586 
      0.17079365    -0.0060424805 
      0.17088435    -0.0069274902 
      0.17097506    -0.0050964355 
      0.17106576    -0.0020446777 
      0.17115646    -0.0012817383 
      0.17124717    0.00091552734 
      0.17133787     0.0034179688 
      0.17142857     0.0034484863 
      0.17151927     0.0047607422 
      0.17160998     0.0044555664 
      0.17170068     0.0012512207 
      0.17179138    0.00067138672 
      0.17188209      0.003326416 
      0.17197279     0.0073547363 
      0.17206349     0.0091552734 
       0.1721542     0.0095214844 
       0.1722449      0.010131836 
       0.1723356     0.0098571777 
       0.1724263      0.011077881 
      0.17251701      0.011993408 
      0.17260771      0.010559082 
      0.17269841     0.0092163086 
      0.17278912     0.0085144043 
      0.17287982     0.0093078613 
      0.17297052      0.012756348 
      0.17306122      0.015716553 
      0.17315193      0.015350342 
      0.17324263      0.014526367 
      0.17333333       0.01461792 
      0.17342404      0.013366699 
      0.17351474      0.011322021 
      0.17360544      0.011230469 
      0.17369615      0.010955811 
      0.17378685     0.0076599121 
      0.17387755     0.0070800781 
      0.17396825      0.010284424 
      0.17405896      0.011077881 
      0.17414966      0.010070801 
      0.17424036     0.0096435547 
      0.17433107     0.0076904297 
      0.17442177     0.0040588379 
      0.17451247      0.003112793 
      0.17460317     0.0045776367 
      0.17469388     0.0043945312 
      0.17478458     0.0028991699 
      0.17487528    -0.0013122559 
      0.17496599    -0.0069274902 
      0.17505669    -0.0069274902 
      0.17514739    -0.0035705566 
       0.1752381    -0.0028991699 
       0.1753288    -0.0034790039 
       0.1754195    -0.0042114258 
       0.1755102    -0.0064086914 
      0.17560091    -0.0088806152 
      0.17569161    -0.0082397461 
      0.17578231    -0.0076599121 
      0.17587302     -0.010162354 
      0.17596372     -0.011657715 
      0.17605442     -0.013214111 
      0.17614512     -0.015960693 
      0.17623583     -0.016937256 
      0.17632653     -0.016235352 
      0.17641723     -0.013793945 
      0.17650794     -0.011413574 
      0.17659864    -0.0096435547 
      0.17668934     -0.008026123 
      0.17678005     -0.010620117 
      0.17687075     -0.015167236 
      0.17696145     -0.014221191 
      0.17705215      -0.01071167 
      0.17714286     -0.010131836 
      0.17723356     -0.010894775 
      0.17732426     -0.012908936 
      0.17741497     -0.012420654 
      0.17750567     -0.006072998 
      0.17759637    -0.0026245117 
      0.17768707    -0.0036315918 
      0.17777778    -0.0033569336 
      0.17786848    -0.0036010742 
      0.17795918    -0.0025939941 
      0.17804989    0.00042724609 
      0.17814059     0.0024108887 
      0.17823129     0.0041503906 
        0.178322     0.0050354004 
       0.1784127     0.0066833496 
       0.1785034     0.0092163086 
       0.1785941     0.0087280273 
      0.17868481     0.0090942383 
      0.17877551      0.012573242 
      0.17886621      0.012054443 
      0.17895692      0.010223389 
      0.17904762      0.013061523 
      0.17913832      0.013916016 
      0.17922902      0.014068604 
      0.17931973      0.018157959 
      0.17941043      0.017333984 
      0.17950113      0.013000488 
      0.17959184      0.013092041 
      0.17968254      0.014373779 
      0.17977324      0.016296387 
      0.17986395      0.019042969 
      0.17995465      0.018280029 
      0.18004535      0.015930176 
      0.18013605      0.015350342 
      0.18022676      0.017272949 
      0.18031746      0.019287109 
      0.18040816      0.017333984 
      0.18049887      0.015106201 
      0.18058957      0.014465332 
      0.18068027      0.013000488 
      0.18077098      0.013458252 
      0.18086168      0.016235352 
      0.18095238      0.015563965 
      0.18104308      0.010803223 
      0.18113379     0.0086364746 
      0.18122449     0.0090942383 
      0.18131519      0.009765625 
       0.1814059     0.0093383789 
       0.1814966     0.0069274902 
       0.1815873     0.0074462891 
        0.181678     0.0077819824 
      0.18176871     0.0051574707 
      0.18185941     0.0061340332 
      0.18195011     0.0073242188 
      0.18204082     0.0039367676 
      0.18213152    0.00033569336 
      0.18222222   -0.00048828125 
      0.18231293   -0.00082397461 
      0.18240363   -0.00045776367 
      0.18249433    0.00061035156 
      0.18258503    -0.0013427734 
      0.18267574    -0.0018920898 
      0.18276644     0.0015869141 
      0.18285714     0.0017700195 
      0.18294785    -0.0010375977 
      0.18303855   -0.00057983398 
      0.18312925    0.00076293945 
      0.18321995    -0.0011901855 
      0.18331066    -0.0022277832 
      0.18340136   -0.00012207031 
      0.18349206    0.00030517578 
      0.18358277    -0.0024108887 
      0.18367347    -0.0034790039 
      0.18376417    -0.0016784668 
      0.18385488    -0.0031433105 
      0.18394558    -0.0067138672 
      0.18403628     -0.006439209 
      0.18412698     -0.005065918 
      0.18421769    -0.0047607422 
      0.18430839    -0.0052490234 
      0.18439909    -0.0073242188 
       0.1844898    -0.0068664551 
       0.1845805    -0.0032348633 
       0.1846712    -0.0025024414 
       0.1847619    -0.0045776367 
      0.18485261    -0.0045776367 
      0.18494331    -0.0027770996 
      0.18503401    -0.0032348633 
      0.18512472    -0.0044250488 
      0.18521542     -0.002166748 
      0.18530612     0.0007019043 
      0.18539683     0.0015258789 
      0.18548753   -0.00018310547 
      0.18557823    -0.0043029785 
      0.18566893    -0.0065307617 
      0.18575964    -0.0048217773 
      0.18585034   -0.00036621094 
      0.18594104     0.0029907227 
      0.18603175    0.00088500977 
      0.18612245     -0.002746582 
      0.18621315     -0.005065918 
      0.18630385    -0.0082397461 
      0.18639456    -0.0088195801 
      0.18648526    -0.0065307617 
      0.18657596    -0.0057678223 
      0.18666667     -0.004119873 
      0.18675737    -0.0017089844 
      0.18684807    -0.0023803711 
      0.18693878     -0.003326416 
      0.18702948    -0.0044555664 
      0.18712018    -0.0056762695 
      0.18721088    -0.0040283203 
      0.18730159    -0.0040588379 
      0.18739229    -0.0049133301 
      0.18748299    -0.0048217773 
       0.1875737    -0.0059204102 
       0.1876644    -0.0057983398 
       0.1877551    -0.0064697266 
       0.1878458    -0.0064697266 
      0.18793651    -0.0044250488 
      0.18802721    -0.0046386719 
      0.18811791    -0.0052490234 
      0.18820862    -0.0049133301 
      0.18829932    -0.0044250488 
      0.18839002    -0.0045471191 
      0.18848073    -0.0069274902 
      0.18857143     -0.008026123 
      0.18866213    -0.0068054199 
      0.18875283    -0.0077819824 
      0.18884354    -0.0089416504 
      0.18893424    -0.0080871582 
      0.18902494    -0.0066223145 
      0.18911565    -0.0048522949 
      0.18920635    -0.0051879883 
      0.18929705    -0.0071105957 
      0.18938776    -0.0079650879 
      0.18947846    -0.0068969727 
      0.18956916    -0.0042724609 
      0.18965986    -0.0025939941 
      0.18975057    -0.0023193359 
      0.18984127    -0.0030212402 
      0.18993197    -0.0039672852 
      0.19002268    -0.0025634766 
      0.19011338   -0.00057983398 
      0.19020408    0.00018310547 
      0.19029478     0.0016174316 
      0.19038549     0.0022277832 
      0.19047619     0.0020446777 
      0.19056689     0.0032653809 
       0.1906576     0.0045166016 
       0.1907483     0.0046386719 
        0.190839     0.0028381348 
      0.19092971    0.00039672852 
      0.19102041     0.0020446777 
      0.19111111     0.0061950684 
      0.19120181     0.0076904297 
      0.19129252     0.0090332031 
      0.19138322      0.009979248 
      0.19147392     0.0090026855 
      0.19156463      0.010467529 
      0.19165533      0.010009766 
      0.19174603     0.0057983398 
      0.19183673     0.0049743652 
      0.19192744     0.0068054199 
      0.19201814     0.0084228516 
      0.19210884     0.0084533691 
      0.19219955     0.0065612793 
      0.19229025      0.005645752 
      0.19238095      0.005645752 
      0.19247166     0.0047912598 
      0.19256236     0.0044250488 
      0.19265306     0.0057067871 
      0.19274376     0.0060119629 
      0.19283447     0.0050354004 
      0.19292517     0.0059204102 
      0.19301587     0.0072937012 
      0.19310658     0.0067443848 
      0.19319728     0.0048522949 
      0.19328798     0.0021057129 
      0.19337868     0.0009765625 
      0.19346939     0.0023803711 
      0.19356009     0.0025939941 
      0.19365079      0.002166748 
       0.1937415     0.0027770996 
       0.1938322     0.0009765625 
       0.1939229    -0.0016174316 
      0.19401361    -0.0018005371 
      0.19410431    -0.0028381348 
      0.19419501    -0.0049133301 
      0.19428571    -0.0068054199 
      0.19437642    -0.0092773438 
      0.19446712    -0.0095214844 
      0.19455782    -0.0075378418 
      0.19464853    -0.0067443848 
      0.19473923     -0.006072998 
      0.19482993    -0.0047912598 
      0.19492063    -0.0048828125 
      0.19501134    -0.0059204102 
      0.19510204    -0.0076293945 
      0.19519274    -0.0090332031 
      0.19528345    -0.0090026855 
      0.19537415     -0.010070801 
      0.19546485     -0.013397217 
      0.19555556     -0.015441895 
      0.19564626     -0.013305664 
      0.19573696    -0.0098876953 
      0.19582766    -0.0088500977 
      0.19591837    -0.0097961426 
      0.19600907     -0.011108398 
      0.19609977     -0.011108398 
      0.19619048      -0.01171875 
      0.19628118     -0.014129639 
      0.19637188     -0.014343262 
      0.19646259     -0.011016846 
      0.19655329    -0.0077209473 
      0.19664399     -0.008392334 
      0.19673469     -0.010345459 
       0.1968254    -0.0094604492 
       0.1969161    -0.0069274902 
       0.1970068    -0.0041809082 
      0.19709751    -0.0039978027 
      0.19718821    -0.0067443848 
      0.19727891    -0.0075073242 
      0.19736961    -0.0055236816 
      0.19746032    -0.0027160645 
      0.19755102   -0.00036621094 
      0.19764172     0.0002746582 
      0.19773243   -0.00024414062 
      0.19782313    -0.0015258789 
      0.19791383     -0.001373291 
      0.19800454     0.0009765625 
      0.19809524     0.0010375977 
      0.19818594    0.00094604492 
      0.19827664     0.0036315918 
      0.19836735     0.0049133301 
      0.19845805     0.0062255859 
      0.19854875     0.0084533691 
      0.19863946     0.0073852539 
      0.19873016     0.0032653809 
      0.19882086   -9.1552734e-05 
      0.19891156     0.0015869141 
      0.19900227      0.004486084 
      0.19909297     0.0045471191 
      0.19918367     0.0051879883 
      0.19927438     0.0051269531 
      0.19936508     0.0049743652 
      0.19945578     0.0059814453 
      0.19954649     0.0045166016 
      0.19963719     0.0037231445 
      0.19972789     0.0048217773 
      0.19981859     0.0037231445 
       0.1999093     0.0028076172 
             0.2      0.004119873 
       0.2000907     0.0055847168 
      0.20018141      0.006072998 
      0.20027211     0.0065917969 
      0.20036281     0.0072021484 
      0.20045351     0.0054321289 
      0.20054422     0.0037536621 
      0.20063492     0.0048217773 
      0.20072562     0.0050048828 
      0.20081633     0.0039367676 
      0.20090703     0.0044250488 
      0.20099773     0.0049438477 
      0.20108844     0.0048522949 
      0.20117914     0.0061645508 
      0.20126984     0.0083312988 
      0.20136054     0.0095825195 
      0.20145125     0.0084838867 
      0.20154195     0.0065612793 
      0.20163265     0.0059814453 
      0.20172336     0.0063781738 
      0.20181406     0.0085449219 
      0.20190476      0.010437012 
      0.20199546      0.011352539 
      0.20208617      0.013061523 
      0.20217687      0.012268066 
      0.20226757     0.0096130371 
      0.20235828      0.009185791 
      0.20244898     0.0085449219 
      0.20253968     0.0082397461 
      0.20263039      0.011383057 
      0.20272109        0.0128479 
      0.20281179      0.010192871 
      0.20290249     0.0085144043 
       0.2029932     0.0091247559 
       0.2030839      0.011230469 
       0.2031746      0.013214111 
      0.20326531      0.011383057 
      0.20335601     0.0092773438 
      0.20344671      0.011535645 
      0.20353741       0.01449585 
      0.20362812      0.014923096 
      0.20371882      0.013427734 
      0.20380952      0.010620117 
      0.20390023      0.010040283 
      0.20399093      0.011932373 
      0.20408163      0.011962891 
      0.20417234      0.011779785 
      0.20426304      0.011871338 
      0.20435374     0.0098571777 
      0.20444444      0.008605957 
      0.20453515     0.0087280273 
      0.20462585     0.0082397461 
      0.20471655     0.0081481934 
      0.20480726     0.0077209473 
      0.20489796     0.0058898926 
      0.20498866     0.0046081543 
      0.20507937     0.0047912598 
      0.20517007     0.0054626465 
      0.20526077     0.0043945312 
      0.20535147    0.00091552734 
      0.20544218    -0.0015869141 
      0.20553288    -0.0015563965 
      0.20562358   -0.00085449219 
      0.20571429    0.00064086914 
      0.20580499     0.0017089844 
      0.20589569   -0.00030517578 
      0.20598639    -0.0027770996 
       0.2060771    -0.0043334961 
       0.2061678    -0.0072937012 
       0.2062585     -0.010162354 
      0.20634921     -0.010986328 
      0.20643991     -0.011627197 
      0.20653061     -0.012908936 
      0.20662132     -0.014068604 
      0.20671202     -0.014251709 
      0.20680272     -0.012817383 
      0.20689342      -0.01272583 
      0.20698413     -0.015350342 
      0.20707483      -0.01776123 
      0.20716553     -0.018737793 
      0.20725624     -0.018432617 
      0.20734694     -0.016693115 
      0.20743764     -0.013793945 
      0.20752834     -0.011657715 
      0.20761905     -0.010864258 
      0.20770975     -0.011505127 
      0.20780045     -0.013092041 
      0.20789116     -0.013397217 
      0.20798186     -0.014190674 
      0.20807256     -0.014770508 
      0.20816327     -0.013214111 
      0.20825397     -0.012939453 
      0.20834467     -0.013366699 
      0.20843537     -0.011291504 
      0.20852608    -0.0089416504 
      0.20861678    -0.0083618164 
      0.20870748    -0.0082702637 
      0.20879819    -0.0092163086 
      0.20888889     -0.010253906 
      0.20897959    -0.0095825195 
      0.20907029    -0.0087280273 
        0.209161    -0.0071105957 
       0.2092517     -0.004486084 
       0.2093424    -0.0035705566 
      0.20943311    -0.0037536621 
      0.20952381    -0.0028381348 
      0.20961451    -0.0020446777 
      0.20970522    -0.0020446777 
      0.20979592   -0.00076293945 
      0.20988662      0.001159668 
      0.20997732     0.0010681152 
      0.21006803                0 
      0.21015873    0.00085449219 
      0.21024943     0.0037841797 
      0.21034014     0.0057067871 
      0.21043084     0.0065307617 
      0.21052154     0.0074768066 
      0.21061224     0.0057678223 
      0.21070295     0.0036010742 
      0.21079365     0.0038146973 
      0.21088435     0.0039672852 
      0.21097506      0.004486084 
      0.21106576     0.0051879883 
      0.21115646     0.0059509277 
      0.21124717     0.0067443848 
      0.21133787     0.0068664551 
      0.21142857     0.0077819824 
      0.21151927     0.0072021484 
      0.21160998     0.0052490234 
      0.21170068     0.0060119629 
      0.21179138     0.0068969727 
      0.21188209     0.0051269531 
      0.21197279     0.0039672852 
      0.21206349     0.0061035156 
       0.2121542      0.008392334 
       0.2122449     0.0074768066 
       0.2123356     0.0067749023 
       0.2124263     0.0066833496 
      0.21251701     0.0054016113 
      0.21260771     0.0059509277 
      0.21269841     0.0064086914 
      0.21278912     0.0059204102 
      0.21287982     0.0070495605 
      0.21297052     0.0081176758 
      0.21306122     0.0088195801 
      0.21315193     0.0084838867 
      0.21324263     0.0070495605 
      0.21333333     0.0082092285 
      0.21342404      0.010040283 
      0.21351474     0.0083618164 
      0.21360544     0.0065307617 
      0.21369615      0.006652832 
      0.21378685      0.005645752 
      0.21387755      0.004119873 
      0.21396825     0.0040588379 
      0.21405896     0.0050354004 
      0.21414966     0.0059509277 
      0.21424036     0.0046081543 
      0.21433107      0.002532959 
      0.21442177     0.0026855469 
      0.21451247     0.0039978027 
      0.21460317     0.0051879883 
      0.21469388      0.005645752 
      0.21478458     0.0055236816 
      0.21487528     0.0047607422 
      0.21496599     0.0038757324 
      0.21505669     0.0040283203 
      0.21514739     0.0050964355 
       0.2152381     0.0054931641 
       0.2153288     0.0040893555 
       0.2154195     0.0028381348 
       0.2155102     0.0022277832 
      0.21560091     0.0016174316 
      0.21569161     0.0011291504 
      0.21578231    0.00054931641 
      0.21587302     0.0012512207 
      0.21596372     0.0014648438 
      0.21605442   -9.1552734e-05 
      0.21614512   -0.00024414062 
      0.21623583     0.0002746582 
      0.21632653   -0.00024414062 
      0.21641723    -0.0011291504 
      0.21650794    -0.0009765625 
      0.21659864      0.001739502 
      0.21668934     0.0032653809 
      0.21678005      0.001159668 
      0.21687075   -6.1035156e-05 
      0.21696145   -9.1552734e-05 
      0.21705215    -0.0021972656 
      0.21714286    -0.0037231445 
      0.21723356     -0.001159668 
      0.21732426    0.00051879883 
      0.21741497    -0.0018920898 
      0.21750567    -0.0031433105 
      0.21759637     -0.002746582 
      0.21768707     -0.002746582 
      0.21777778    -0.0022277832 
      0.21786848    -0.0021972656 
      0.21795918    -0.0029907227 
      0.21804989     -0.003326416 
      0.21814059      -0.00390625 
      0.21823129    -0.0057678223 
        0.218322     -0.006072998 
       0.2184127    -0.0042114258 
       0.2185034    -0.0038146973 
       0.2185941    -0.0047607422 
      0.21868481    -0.0047912598 
      0.21877551    -0.0045471191 
      0.21886621    -0.0046691895 
      0.21895692    -0.0037841797 
      0.21904762    -0.0024414062 
      0.21913832    -0.0033874512 
      0.21922902    -0.0056762695 
      0.21931973    -0.0060119629 
      0.21941043    -0.0051269531 
      0.21950113     -0.005645752 
      0.21959184    -0.0069885254 
      0.21968254    -0.0075073242 
      0.21977324    -0.0071716309 
      0.21986395    -0.0071105957 
      0.21995465    -0.0074157715 
      0.22004535    -0.0068664551 
      0.22013605    -0.0064086914 
      0.22022676    -0.0068054199 
      0.22031746    -0.0077514648 
      0.22040816    -0.0094299316 
      0.22049887    -0.0096740723 
      0.22058957    -0.0075378418 
      0.22068027    -0.0053710938 
      0.22077098     -0.005859375 
      0.22086168    -0.0085449219 
      0.22095238    -0.0097961426 
      0.22104308    -0.0093383789 
      0.22113379    -0.0078735352 
      0.22122449    -0.0055236816 
      0.22131519     -0.005065918 
       0.2214059    -0.0055236816 
       0.2214966    -0.0054626465 
       0.2215873    -0.0068969727 
        0.221678    -0.0086669922 
      0.22176871    -0.0086364746 
      0.22185941    -0.0068359375 
      0.22195011    -0.0047912598 
      0.22204082    -0.0042724609 
      0.22213152    -0.0053710938 
      0.22222222    -0.0071105957 
      0.22231293    -0.0071411133 
      0.22240363    -0.0061645508 
      0.22249433     -0.006072998 
      0.22258503    -0.0054016113 
      0.22267574    -0.0054016113 
      0.22276644    -0.0063171387 
      0.22285714    -0.0065002441 
      0.22294785     -0.006072998 
      0.22303855     -0.003692627 
      0.22312925    -0.0012512207 
      0.22321995   -0.00045776367 
      0.22331066   -0.00051879883 
      0.22340136    -0.0023193359 
      0.22349206    -0.0034179688 
      0.22358277    -0.0023803711 
      0.22367347     -0.001373291 
      0.22376417   -0.00076293945 
      0.22385488   -0.00048828125 
      0.22394558   -0.00039672852 
      0.22403628    9.1552734e-05 
      0.22412698    9.1552734e-05 
      0.22421769    -0.0011901855 
      0.22430839    -0.0018310547 
      0.22439909     -0.001159668 
       0.2244898   -0.00039672852 
       0.2245805    0.00054931641 
       0.2246712    0.00064086914 
       0.2247619    3.0517578e-05 
      0.22485261   -9.1552734e-05 
      0.22494331    0.00012207031 
      0.22503401    0.00030517578 
      0.22512472    0.00079345703 
      0.22521542     0.0017089844 
      0.22530612     0.0012207031 
      0.22539683    -0.0002746582 
      0.22548753   -0.00045776367 
      0.22557823   -0.00048828125 
      0.22566893    0.00039672852 
      0.22575964      0.002166748 
      0.22585034     0.0014038086 
      0.22594104                0 
      0.22603175   -0.00061035156 
      0.22612245    -0.0016479492 
      0.22621315    -0.0012207031 
      0.22630385    0.00012207031 
      0.22639456    0.00067138672 
      0.22648526     0.0009765625 
      0.22657596     0.0023193359 
      0.22666667      0.003326416 
      0.22675737     0.0026855469 
      0.22684807     0.0028991699 
      0.22693878       0.00390625 
      0.22702948     0.0041503906 
      0.22712018     0.0028076172 
      0.22721088     0.0019226074 
      0.22730159     0.0036010742 
      0.22739229     0.0050048828 
      0.22748299     0.0057983398 
       0.2275737     0.0064697266 
       0.2276644     0.0069274902 
       0.2277551      0.007598877 
       0.2278458     0.0075683594 
      0.22793651     0.0084228516 
      0.22802721      0.009552002 
      0.22811791     0.0090332031 
      0.22820862     0.0093383789 
      0.22829932      0.010314941 
      0.22839002     0.0099182129 
      0.22848073      0.010253906 
      0.22857143      0.010955811 
      0.22866213     0.0099182129 
      0.22875283      0.010253906 
      0.22884354      0.012512207 
      0.22893424      0.013641357 
      0.22902494      0.013122559 
      0.22911565      0.012664795 
      0.22920635      0.013458252 
      0.22929705      0.013519287 
      0.22938776       0.01272583 
      0.22947846      0.012634277 
      0.22956916      0.012756348 
      0.22965986       0.01272583 
      0.22975057      0.012176514 
      0.22984127      0.011047363 
      0.22993197     0.0096435547 
      0.23002268      0.009765625 
      0.23011338      0.010986328 
      0.23020408       0.01071167 
      0.23029478      0.010437012 
      0.23038549      0.010406494 
      0.23047619      0.010009766 
      0.23056689     0.0098266602 
       0.2306576      0.010040283 
       0.2307483      0.010345459 
        0.230839      0.010131836 
      0.23092971       0.01071167 
      0.23102041       0.01083374 
      0.23111111      0.010192871 
      0.23120181      0.010650635 
      0.23129252     0.0096130371 
      0.23138322     0.0076293945 
      0.23147392     0.0065612793 
      0.23156463     0.0071411133 
      0.23165533     0.0090332031 
      0.23174603     0.0081481934 
      0.23183673     0.0064697266 
      0.23192744     0.0068359375 
      0.23201814     0.0054321289 
      0.23210884     0.0038757324 
      0.23219955     0.0050354004 
      0.23229025     0.0056152344 
      0.23238095      0.004119873 
      0.23247166     0.0025634766 
      0.23256236     0.0021362305 
      0.23265306     0.0018615723 
      0.23274376     0.0009765625 
      0.23283447     0.0016174316 
      0.23292517     0.0025939941 
      0.23301587     0.0009765625 
      0.23310658   -0.00033569336 
      0.23319728   -0.00061035156 
      0.23328798    -0.0011291504 
      0.23337868   -0.00045776367 
      0.23346939   -0.00051879883 
      0.23356009    -0.0025634766 
      0.23365079     -0.005065918 
       0.2337415    -0.0060424805 
       0.2338322    -0.0054321289 
       0.2339229    -0.0049133301 
      0.23401361    -0.0041503906 
      0.23410431    -0.0038146973 
      0.23419501    -0.0044555664 
      0.23428571    -0.0047302246 
      0.23437642    -0.0055541992 
      0.23446712    -0.0067443848 
      0.23455782    -0.0068664551 
      0.23464853    -0.0066223145 
      0.23473923    -0.0072937012 
      0.23482993    -0.0073852539 
      0.23492063    -0.0064697266 
      0.23501134    -0.0066833496 
      0.23510204     -0.007232666 
      0.23519274     -0.007598877 
      0.23528345    -0.0076293945 
      0.23537415     -0.006652832 
      0.23546485    -0.0063476562 
      0.23555556    -0.0064086914 
      0.23564626    -0.0061645508 
      0.23573696    -0.0060424805 
      0.23582766     -0.006072998 
      0.23591837    -0.0067138672 
      0.23600907    -0.0075378418 
      0.23609977    -0.0081787109 
      0.23619048    -0.0080566406 
      0.23628118    -0.0071716309 
      0.23637188    -0.0069885254 
      0.23646259     -0.007019043 
      0.23655329    -0.0066223145 
      0.23664399    -0.0066223145 
      0.23673469     -0.006072998 
       0.2368254    -0.0055847168 
       0.2369161    -0.0068054199 
       0.2370068    -0.0077819824 
      0.23709751    -0.0075378418 
      0.23718821    -0.0072631836 
      0.23727891    -0.0074462891 
      0.23736961     -0.008026123 
      0.23746032    -0.0081481934 
      0.23755102    -0.0075073242 
      0.23764172    -0.0068359375 
      0.23773243    -0.0073852539 
      0.23782313    -0.0077209473 
      0.23791383    -0.0070495605 
      0.23800454    -0.0074157715 
      0.23809524    -0.0087585449 
      0.23818594    -0.0096130371 
      0.23827664    -0.0087280273 
      0.23836735    -0.0071105957 
      0.23845805    -0.0068969727 
      0.23854875     -0.007232666 
      0.23863946    -0.0068664551 
      0.23873016    -0.0058898926 
      0.23882086    -0.0056762695 
      0.23891156    -0.0065917969 
      0.23900227    -0.0067138672 
      0.23909297    -0.0059509277 
      0.23918367    -0.0055541992 
      0.23927438    -0.0058898926 
      0.23936508    -0.0065612793 
      0.23945578    -0.0063171387 
      0.23954649    -0.0053405762 
      0.23963719    -0.0051574707 
      0.23972789    -0.0054321289 
      0.23981859    -0.0049743652 
       0.2399093    -0.0045776367 
            0.24    -0.0043334961 
       0.2400907    -0.0034790039 
      0.24018141     -0.003326416 
      0.24027211    -0.0026245117 
      0.24036281    -0.0012207031 
      0.24045351    -0.0013427734 
      0.24054422     -0.001159668 
      0.24063492   -0.00042724609 
      0.24072562   -0.00061035156 
      0.24081633   -0.00030517578 
